0.637778527593
0.755973405316
0.548246662328
0.20181408413
0.103505147746
0.0001
1
0.183892898325
0.0001
0.872036378559
0.385188772176
0.0001
0.616288931487
1
1
0.227417124979
0.462531514403
0.0178650588429
1
0.249253274814
0.639728854869
0.263633486525
0.950115685144
0.472904613114
1
0.936239777881
1
0.0001
0.878802824003
0.986246768745
1
0.591275661878
0.633850345551
0.951453525389
0.390964347162
0.862971425507
0.644157948691
0.825138573059
1
0.446344505052
1
1
0.272834680927
0.345928269719
0.280886776351
0.803085791564
0.185591287272
0.0001
0.376979366115
0.284897675568
1
0.0001
0.778618642753
1
1
0.0201840869441
0.937588207049
0.823590999759
0.890540378734
1
1
0.280147277351
1
0.990063475122
1
0.574626932437
1
0.0001
0.162252563148
0.520787519289
0.697408623188
0.201604414954
0.0313355843955
0.647909608606
0.997144063068
0.0552061529579
1
0.896056450705
0.0001
1
0.689842469685
0.504974289907
0.679610561039
1
0.0646901698777
0.122016755586
0.992771581468
0.420835543058
0.45526411432
1
0.60763587685
1
1
0.69929087401
0.415844832921
0.440607755306
0.527650248332
1
0.83601489592
0.721791865214
0.439410163355
0.869886898224
0.532237941864
1
0.623966377529
0.31657514296
1
1
0.842428619824
1
0.317574712599
0.335413132164
0.839171033125
0.426041213592
0.375111273111
1
0.82152993188
0.0712634567289
0.269363763512
0.855991887047
0.0001
0.621417729147
0.235888730274
0.479257665431
1
1
1
1
0.62043965937
1
0.427508911838
1
0.886302733224
0.00149445312414
0.0001
1
0.315087962315
0.308503507266
1
0.98304376367
0.971521146951
1
0.625000783639
0.0001
0.778511913738
1
1
0.433931925198
0.643275440257
0.916831550395
1
1
0.37845103813
0.434040437794
0.825376623661
1
0.280400691627
0.534763061287
0.923973583404
0.0549389347617
0.770428594266
0.0001
1
1
0.800977036162
0.204308781318
0.515979581573
0.903029047072
0.488821847927
1
0.663685299321
0.999376791982
0.0001
1
0.796110285524
0.701918989772
0.817709369604
0.470027248266
0.0138759035385
1
0.0001
0.924504135627
1
0.75920070731
0.751463799366
0.446607899964
0.325928995372
1
0.771191887393
0.510242563239
0.490619591761
1
1
0.331967513852
0.635876724799
0.339732050334
1
1
0.0708213405376
0.816855399237
0.665418218075
0.321992400142
0.768757234889
0.504909705287
1
1
0.225260887153
1
1
0.0001
1
0.894261179363
0.784268523175
0.0353653160376
0.0001
0.0001
0.0001
1
1
0.96607287218
0.377776771925
0.507440878398
0.209575720768
1
0.336031801413
0.62959807304
1
1
1
0.733139417202
0.426041762814
0.764184756806
0.425486657038
1
0.0001
1
0.236712825834
0.282525572384
0.730534741518
0.360499770988
0.652348859735
0.923933339514
0.353037146622
0.462193002413
0.733038743712
0.0001
1
0.842956301691
0.64688845158
1
0.772684788351
0.975059018377
1
1
0.0001
0.673648149247
0.251587890932
0.745109915262
0.599393792793
0.0001
0.515238820071
0.673689945297
0.593978883585
0.459836453501
0.972154097997
0.800009620658
0.730003594444
0.0001
0.561911750101
1
1
0.271401672768
0.517528473662
0.0553184053268
0.935955571143
1
0.981080599704
0.504380852353
0.622043810855
0.74934929808
1
1
0.406623904536
0.596223361829
1
0.859878962979
0.0001
1
0.42953169964
0.0298356462957
0.774442530979
0.765258357689
0.0001
0.897683602092
0.865458720733
1
0.0001
1
0.600910382431
0.582092296326
1
1
1
0.781453208357
0.497109131581
0.213159139149
0.836226364728
1
0.96545560343
0.184159581122
0.124834635527
1
0.990283183416
0.355387270319
1
0.559530550414
0.230112961128
0.662252351435
0.704799196872
1
1
0.622637171645
0.0001
0.113050499146
0.4171429689
0.968211580924
0.777232736813
1
0.730019322845
1
1
0.505457777278
0.0001
1
0.51104598384
0.934166717864
0.212530391312
0.529495565439
1
0.937495732489
0.678716955155
0.540853578553
1
0.832764201899
0.979939199184
1
0.948002358414
0.0001
0.355522339667
1
0.0001
0.533488756747
0.229826578426
0.209917812362
0.529668161817
1
0.755762415962
0.0675712751381
0.525282716576
0.877696338001
0.251757892234
1
1
1
0.457345895975
1
0.767967097727
0.510340228576
1
0.538137807045
0.571517260991
0.625957550224
0.752007778231
1
0.664141892678
0.533961204824
0.936009909713
0.24180041552
0.562187156142
0.440260223612
0.911642577874
1
1
1
0.686475614488
1
0.845405569258
1
1
1
0.265276456776
1
0.585734141769
0.219747686563
1
0.176178535923
0.237860509186
0.0001
1
0.0001
0.590883474663
0.899915106623
0.691616823097
1
0.508978494357
0.335628838634
0.943643123293
0.354359465954
0.500374041002
0.699216702141
0.546107297951
1
0.945289680286
0.769506386421
1
0.534656485028
0.642288618719
0.505866339571
0.940702628535
1
0.383561511972
0.658307909162
0.0001
0.904102695887
1
0.509440006475
0.944903846009
1
1
0.851013450105
0.285208904274
0.972012677056
0.601543025421
0.37235756762
1
0.510218725176
0.0001
1
1
1
0.625345838379
0.451590348948
0.657346902653
0.574630694944
0.864423854269
1
0.918465602582
0.683570588123
0.412377493042
0.727876332738
0.166995838619
0.565098305321
0.044397597801
0.374871413058
1
0.673301418165
0.421022563979
0.974874576766
1
0.669214362675
0.0001
0.934247836223
1
0.150652634991
0.882954448356
0.0001
1
0.912648004869
0.494927593958
1
1
0.433962286017
0.559358396051
1
0.815833879878
0.383895533162
1
1
0.789786032655
0.786521239362
0.36940216269
1
1
0.664491820289
0.0001
0.338098822804
0.576305660051
0.394888728557
0.0001
1
1
0.474082954668
0.689459539139
0.540265819124
1
0.673634773169
0.649142851265
1
0.90452961079
1
0.920086093676
0.828034591696
0.608906354265
1
0.827864135744
1
1
1
0.429825586661
1
0.636314140447
0.707324389228
0.161910235442
0.0428164102407
0.722038029637
0.608020135214
0.576299449836
1
1
1
0.586428036688
0.176500424263
1
1
1
0.309764446121
1
0.759014339015
1
0.572001041532
1
1
0.458083894834
0.415474449136
0.80467897801
1
0.792332854243
0.792770062876
0.765706227006
1
0.889379349849
0.957370647833
0.323504420473
0.0001
0.426218015977
0.706772200503
0.618882359962
1
1
1
0.701335407363
1
1
1
0.223936091425
1
0.41044871379
0.318903062036
0.95120510405
1
0.0001
0.960890582502
1
0.551929200576
0.881526896362
0.141860876055
0.0310615115661
0.395248237538
0.683949657719
0.828193955125
0.428175452752
0.617335397464
0.508168856655
0.227248058571
0.306290996258
0.481327765822
0.392956571575
0.703248536778
0.0001
0.885096116833
0.849441210453
0.697964289473
1
0.456075220763
0.107263359314
0.114697626956
0.0001
0.986377780612
0.415728752784
0.129842837041
0.190230466022
1
1
0.679765963187
1
0.175177680106
1
1
0.237678493939
1
0.377900285683
0.941198712811
1
0.186725620087
0.925084744218
0.547822217397
0.953935250782
0.220526695835
0.224659426928
0.60373101851
0.694039348686
1
0.988795826736
0.210426116382
0.41574314403
1
0.203201211005
0.903721383606
0.573420714558
1
1
0.206124762254
1
1
1
0.0905750718072
0.783860715645
0.880536793424
0.603963963292
1
0.212736427233
1
0.406408847436
0.37641533534
0.0001
0.796608952418
0.839680195368
0.643375220294
0.335884219691
0.340126804097
0.875392986024
1
1
0.0001
0.684187736599
0.904175242141
0.638938327065
1
0.841142432564
0.0942572162252
0.626952515831
1
0.0001
0.576422817397
0.772975203922
0.962508975016
0.809785126169
0.978437898541
0.527307976138
1
1
0.953962698344
0.0001
0.0001
0.795364843028
0.945956273409
0.924212303749
1
0.303461131917
0.0001
0.577650548564
1
0.19350528368
0.0001
0.289805716851
1
1
0.455964875559
0.701653519929
1
0.67730812219
0.393990676208
0.885909314929
0.0001
1
0.279190841289
0.429533815068
0.884019888673
0.946614385326
0.193641578041
0.46035049048
0.556643631342
0.527612080941
0.503762358889
1
0.618811926713
0.605223866405
0.486770902171
0.87095005592
1
1
0.1520485524
0.0001
0.838027180751
1
0.150068132693
1
0.97490505564
0.608024817691
0.0203003017966
0.153037759817
0.518742585613
1
0.0001
0.227634569944
0.643595998682
0.565556627045
0.280271803345
0.672754818183
0.893895744997
1
0.840497217092
0.463711181529
0.10924725595
0.72583422328
0.0001
0.413502905997
0.867018670985
0.600546114511
0.924139456206
0.613554208752
0.726646877732
0.626435037452
0.546860151208
0.271025564003
0.962341923372
0.0001
0.49759635763
1
1
1
0.246163472783
1
0.818585359317
0.53295758403
1
0.610057393876
0.0001
0.921813587064
0.721676804065
0.977206313768
1
1
0.394923782127
1
1
1
0.976575605138
0.690366459218
0.109910591451
0.638694887967
0.487880539151
0.0001
0.5501534716
0.315410226087
0.909037058378
0.949018405849
0.486806518826
1
1
1
0.86698767425
0.773915546836
0.958965471078
1
1
0.844866365683
1
0.333742330246
0.199858998416
0.954520058163
1
0.274845480619
1
0.686054624428
1
0.784855871788
0.0001
0.614019722338
1
0.0001
0.5849217777
0.390877452255
0.56636729207
0.834044055385
1
0.775484655207
0.879012295025
0.0562910553633
0.565446447492
1
0.0545470405114
0.656649966458
1
1
0.730920110445
0.188492608046
0.601367461412
0.428916676914
0.373509210743
0.56715294104
0.32518677171
0.209478216499
0.617633081144
1
1
1
0.0363916708867
0.94590091411
0.0878288131492
1
1
1
1
0.856383117667
0.682225397494
0.966768395346
0.0799279998273
0.614682082355
0.705918793526
1
0.924386571067
1
0.503566357059
0.734469772811
0.862646903231
0.0001
0.78609747907
0.942620607784
0.979443713618
0.914495027009
1
0.53890865315
0.613913802953
1
0.305807570357
0.50795541717
0.687495845931
0.27626856764
0.397010325482
0.360167220644
0.280981666587
1
0.601059923283
0.0001
0.0001
1
1
0.359311337566
0.756682406634
1
1
0.514838104601
0.883401062082
0.65566484253
0.204457078561
0.859394831734
0.986310199335
0.0250067985937
1
1
0.663228463728
0.934653201031
1
0.532992199569
0.410713610108
0.870623559415
1
0.96536309201
0.0298870534102
1
0.0001
0.871006323009
0.91174147198
0.390264805158
1
0.0001
1
0.576231837936
0.662317117186
0.399183952575
1
1
1
0.602631633904
0.274806162343
1
0.751147882765
1
0.54210390811
0.661029149047
1
1
0.518717456126
1
1
0.913512759186
0.84442492819
0.493355666975
0.274480679851
1
0.708701871376
1
0.0855349172466
0.331883309257
0.0606824907127
0.892794446617
0.44843881368
0.625289520468
0.410443476943
0.3325909286
1
0.525097764395
0.8520557232
0.908642586618
0.702448854733
1
0.883394077462
1
0.212739500659
1
1
0.847419648961
0.261799690237
0.282864754829
0.501130118436
0.0728952681738
1
0.4510988816
0.263278832584
0.0001
0.0001
1
0.489967736995
1
0.583948940734
0.706973363888
0.783008712835
1
0.706292060982
0.554872703858
0.0001
0.600444818152
0.528534585459
1
0.603050331789
1
0.149951709855
0.0001
0.440025995014
1
0.0717838158724
0.594332018501
1
0.0001
0.379355239953
0.571113798338
1
1
0.220481114258
0.300941187014
1
0.547371537507
1
0.592145555979
0.928995675182
0.792283491371
0.545711683573
1
0.538148583361
1
0.0785489773578
1
1
0.413242759172
0.279961185473
1
0.341468089853
0.371893468582
0.623105212733
0.0001
0.506767973149
1
0.585686875784
1
0.200423248482
0.717037600745
1
1
0.891277697013
