F1	F2	F3	F4	F5	F6	F7	F8	F9	F10
0.13795	0.38609	0.14933	0.13525	0.24623	0.058188	0.044095	0.016708	0.01507	0.019126
0.6021	0.50807	0.091818	0.20291	0.42139	0.062465	0.07603	0.02635	0.040523	0.062638
0.12451	0.74619	0.050371	0.651	0.25558	0.027455	0.025457	0.045877	0.010577	0.044694
0.17527	0.20687	0.21346	0.1861	0.20337	0.18168	0.016471	0.03806	0.065764	0.06521
0.30993	0.1689	0.40607	0.38874	0.25479	0.0087429	0.062103	0.028695	0.058152	0.15908
0.18752	0.4087	0.2685	0.16523	0.2484	0.053249	0.018961	0.051379	0.10817	0.034755
0.29988	0.15593	0.20419	0.12815	0.32554	0.040046	0.024361	0.050912	0.079208	0.031664
0.41093	0.48437	0.31209	0.35769	0.3017	0.054284	0.056134	0.054726	0.013439	0.034645
0.38159	0.1329	0.69747	0.34735	0.2207	0.044611	0.034589	0.040094	0.055891	0.022385
0.25627	0.29937	0.049876	0.25317	0.16307	0.060386	0.023505	0.10723	0.040983	0.026505
0.040943	0.067712	0.10049	0.13813	0.22299	0.32379	0.19873	0.17147	0.264	0.25792
0.15846	0.23047	0.15274	0.066111	0.23624	0.36745	0.35134	0.23647	0.31513	0.47851
0.37893	0.14054	0.12218	0.51879	0.058408	0.26909	0.34216	0.22774	0.2552	0.19324
0.15399	0.12576	0.59432	0.12505	0.10719	0.18765	0.45523	0.37705	0.14737	0.2994
0.18986	0.084122	0.20643	0.16232	0.47499	0.38252	0.35606	0.3676	0.47188	0.16781
0.048651	0.01683	0.14767	0.094056	0.65006	0.25268	0.34168	0.21373	0.36212	0.35587
0.19246	0.11797	0.24682	0.088213	0.30943	0.23114	0.29521	0.11626	0.32456	0.28018
0.18775	0.032831	0.077175	0.027381	0.026195	0.2025	0.418	0.28866	0.13969	0.32358
0.050785	0.21113	0.33364	0.21477	0.033853	0.08434	0.33253	0.25825	0.24297	0.29926
0.091966	0.63731	0.28288	0.099341	0.056732	0.34434	0.24715	0.27677	0.28991	0.1593
0.11436	0.15953	0.043314	0.05225	0.048986	0.27862	0.34873	0.31188	0.31658	0.23546
0.12534	0.14651	0.029344	0.07377	0.28224	0.2827	0.27752	0.26332	0.15099	0.1449
0.043498	0.087254	0.068394	0.092283	0.24074	0.38694	0.22912	0.28925	0.20002	0.1462
0.119	0.031239	0.47461	0.058929	0.16041	0.40351	0.32789	0.18073	0.2291	0.2376
0.11598	0.041861	0.1819	0.38711	0.12943	0.32549	0.18391	0.18203	0.15442	0.42403
0.24771	0.15916	0.083326	0.018672	0.015368	0.20094	0.341	0.14856	0.34438	0.24452
0.03927	0.32168	0.022931	0.24271	0.14492	0.2812	0.16807	0.21007	0.28226	0.22402
0.13767	0.22385	0.15851	0.1429	0.16142	0.27662	0.38638	0.14794	0.27194	0.31229
0.032808	0.18715	0.086451	0.02556	0.15489	0.35447	0.19969	0.17077	0.47715	0.17745
0.10275	0.18	0.050028	0.079358	0.16781	0.21476	0.21293	0.2975	0.27423	0.16721
0.059836	0.083935	0.072259	0.060348	0.055442	0.36018	0.22155	0.37984	0.29342	0.28034
0.059998	0.07634	0.040981	0.58989	0.089623	0.23533	0.20714	0.2425	0.23884	0.30732
0.2805	0.17658	0.23213	0.066296	0.13107	0.24357	0.21018	0.18347	0.34322	0.12765
0.57084	0.17032	0.084182	0.17768	0.24909	0.38683	0.26975	0.36771	0.37036	0.2584
0.12037	0.062051	0.020386	0.15284	0.05121	0.21781	0.41242	0.21124	0.33384	0.36278
0.094747	0.30053	0.22728	0.15807	0.25411	0.26888	0.26267	0.36988	0.35331	0.28878
0.21053	0.2789	0.055361	0.10805	0.39185	0.3665	0.23505	0.65586	0.17412	0.36821
0.11189	0.06666	0.086294	0.050336	0.22875	0.38248	0.14761	0.42797	0.32629	0.52102
0.22805	0.25337	0.057776	0.32715	0.31831	0.31746	0.21123	0.28935	0.31706	0.20608
0.12456	0.056455	0.044717	0.21622	0.26591	0.33896	0.27719	0.2491	0.29258	0.14732
0.16958	0.071329	0.054726	0.18895	0.11007	0.22401	0.23217	0.55882	0.21647	0.27186
0.13931	0.10059	0.25633	0.15209	0.14461	0.31364	0.30248	0.25803	0.16217	0.12982
0.0073956	0.15006	0.20121	0.088491	0.045399	0.33732	0.3	0.39036	0.19161	0.22317
0.032943	0.052636	0.079771	0.018517	0.20148	0.15122	0.17361	0.43158	0.29607	0.18288
0.064245	0.12509	0.029133	0.15311	0.093523	0.21658	0.26316	0.1749	0.30096	0.16737
0.1293	0.07831	0.26068	0.10095	0.086216	0.23417	0.4996	0.16687	0.31503	0.27292
0.058285	0.48279	0.21445	0.72233	0.032428	0.13361	0.44864	0.12396	0.35055	0.26685
0.49453	0.077083	0.17795	0.24552	0.12183	0.25649	0.34657	0.1238	0.36109	0.1961
0.13363	0.34778	0.075291	0.32243	0.13346	0.36514	0.28133	0.39988	0.22542	0.17485
0.52127	0.085713	0.2207	0.14916	0.10723	0.42001	0.2358	0.20453	0.30876	0.16438
0.15345	0.10954	0.057257	0.028473	0.041931	0.27307	0.27141	0.24304	0.2322	0.26354
0.090657	0.1887	0.20157	0.17047	0.40797	0.25112	0.2566	0.33676	0.22223	0.19814
0.091401	0.057944	0.03272	0.097908	0.095931	0.3246	0.34963	0.2971	0.27796	0.27514
0.11549	0.20336	0.42177	0.010729	0.1685	0.45391	0.37446	0.18886	0.21956	0.21617
0.33935	0.068656	0.046578	0.13372	0.14839	0.21209	0.41824	0.35388	0.17797	0.33926
0.33291	0.088981	0.0084636	0.30657	0.023153	0.35168	0.22818	0.32679	0.27015	0.38527
0.21795	0.063359	0.047301	0.052512	0.10295	0.23148	0.322	0.16319	0.30957	0.20144
0.19801	0.43923	0.022407	0.22667	0.10062	0.26678	0.34931	0.19222	0.45143	0.2171
0.087307	0.071467	0.14726	0.15601	0.03862	0.21278	0.17761	0.23191	0.21985	0.15119
0.12872	0.094183	0.19858	0.22897	0.18914	0.28326	0.28372	0.27483	0.23248	0.39089
0.09192	0.2019	0.20311	0.056696	0.17396	0.31095	0.28137	0.31284	0.21421	0.31235
0.042376	0.043684	0.13415	0.069329	0.033585	0.20188	0.20906	0.24346	0.24919	0.44116
0.092565	0.46099	0.15341	0.086319	0.03914	0.35729	0.16932	0.17482	0.2215	0.13007
0.34265	0.11158	0.18948	0.43342	0.28827	0.22665	0.28008	0.23085	0.32715	0.44896
0.53091	0.052584	0.11617	0.12935	0.20805	0.28628	0.20805	0.20736	0.36614	0.32065
0.047559	0.23748	0.076521	0.072671	0.0808	0.45353	0.15452	0.15941	0.46388	0.26344
0.15601	0.16524	0.042452	0.1885	0.11568	0.34589	0.24491	0.19098	0.16515	0.33476
0.41627	0.034319	0.0571	0.3086	0.099089	0.43555	0.24296	0.18906	0.18062	0.34072
0.091017	0.14386	0.068796	0.12307	0.019117	0.18176	0.1998	0.25794	0.32706	0.31156
0.064659	0.11367	0.16477	0.27011	0.05623	0.25004	0.35405	0.38976	0.15799	0.20626
0.12601	0.34193	0.32889	0.14184	0.27355	0.2744	0.15869	0.19301	0.1921	0.19077
0.048886	0.1277	0.21307	0.18734	0.057188	0.25384	0.30492	0.43535	0.20459	0.15181
0.11865	0.068843	0.12441	0.041195	0.049586	0.32866	0.2176	0.23382	0.20816	0.25424
0.21471	0.081536	0.027555	0.15533	0.13089	0.18472	0.30447	0.3868	0.24727	0.086959
0.037398	0.054021	0.086784	0.13808	0.074578	0.27095	0.29717	0.21202	0.39974	0.22896
0.063704	0.077516	0.034318	0.61984	0.14033	0.19076	0.18825	0.40478	0.48513	0.19638
0.26268	0.15227	0.11955	0.016006	0.09013	0.25425	0.20242	0.38382	0.36825	0.2094
0.092692	0.10493	0.078529	0.0075633	0.099892	0.19396	0.37973	0.28377	0.32402	0.24556
0.25552	0.1361	0.085213	0.098196	0.25399	0.34032	0.28057	0.22332	0.27699	0.24492
0.095284	0.085856	0.15546	0.067272	0.1372	0.16531	0.27089	0.25101	0.24535	0.16565
0.13224	0.13422	0.10859	0.034608	0.085837	0.27545	0.084297	0.20114	0.56482	0.31874
0.27927	0.14267	0.084802	0.50458	0.035511	0.38766	0.35132	0.1254	0.30333	0.31645
0.23228	0.059372	0.022498	0.024926	0.28955	0.25175	0.19168	0.36051	0.1155	0.23441
0.21618	0.16641	0.048822	0.08056	0.03905	0.44064	0.39829	0.13604	0.34363	0.46925
0.11883	0.24225	0.61318	0.09565	0.04751	0.13366	0.52872	0.11034	0.15652	0.28398
0.45759	0.12116	0.028532	0.11311	0.05442	0.50708	0.20199	0.4322	0.11921	0.40569
0.33964	0.1348	0.23918	0.04934	0.035268	0.41378	0.42517	0.26687	0.46662	0.23464
0.011339	0.36124	0.24878	0.049863	0.36375	0.36785	0.27487	0.19568	0.32062	0.22488
0.099709	0.18186	0.046275	0.062621	0.016264	0.1613	0.26641	0.52726	0.2223	0.46095
0.15957	0.39378	0.32403	0.041599	0.17357	0.2264	0.21131	0.3015	0.13182	0.27418
0.084159	0.11807	0.056329	0.41265	0.12483	0.20459	0.26884	0.29576	0.2013	0.55035
0.15691	0.23437	0.13012	0.12134	0.26014	0.095003	0.32109	0.31967	0.25723	0.3698
0.30601	0.16142	0.096546	0.26833	0.070592	0.36128	0.26601	0.24932	0.19784	0.38392
0.30235	0.064328	0.30265	0.054346	0.13659	0.32051	0.24603	0.35326	0.2526	0.24757
0.10911	0.06619	0.017818	0.057088	0.053048	0.2715	0.38802	0.15344	0.40341	0.37636
0.023338	0.040113	0.08556	0.34611	0.18509	0.24171	0.3031	0.21252	0.38996	0.4152
0.0035416	0.035976	0.3068	0.20287	0.17192	0.34477	0.37541	0.16083	0.29545	0.25625
0.1088	0.12627	0.10112	0.090109	0.14109	0.45116	0.48025	0.19608	0.29373	0.22153
0.016581	0.016834	0.47616	0.088115	0.06012	0.18152	0.4986	0.25195	0.15317	0.16761
0.15786	0.079026	0.1182	0.14154	0.1121	0.25689	0.43134	0.3852	0.27117	0.1585
0.24363	0.062322	0.22147	0.23045	0.24166	0.24518	0.24674	0.18521	0.1984	0.17965
0.10053	0.46767	0.2265	0.018904	0.090325	0.16057	0.20209	0.17244	0.31076	0.23862
0.067172	0.053363	0.15284	0.55038	0.25682	0.14356	0.24998	0.25961	0.28747	0.20521
0.11249	0.13315	0.15019	0.44429	0.086464	0.33523	0.33928	0.16672	0.27228	0.43344
0.12162	0.031939	0.12421	0.28305	0.22567	0.21734	0.2634	0.35592	0.42207	0.40538
0.13789	0.097328	0.071255	0.15867	0.19428	0.33685	0.28569	0.34657	0.40588	0.23601
0.086215	0.06407	0.10644	0.047665	0.20878	0.11195	0.26903	0.19756	0.14362	0.10995
0.10972	0.14731	0.2565	0.061224	0.024962	0.33535	0.35727	0.2924	0.23178	0.33252
0.13243	0.033755	0.070435	0.032716	0.51417	0.31219	0.2359	0.38252	0.2446	0.26843
0.04228	0.067911	0.17948	0.45862	0.11409	0.35521	0.15092	0.22209	0.29398	0.31227
0.13653	0.056746	0.17824	0.11058	0.093155	0.18319	0.33343	0.20747	0.43785	0.37547
0.027955	0.10574	0.1669	0.089942	0.079862	0.21632	0.25521	0.25898	0.19862	0.11033
0.1135	0.48854	0.43527	0.24259	0.14869	0.28204	0.62118	0.2512	0.31355	0.29837
0.20658	0.42557	0.1934	0.041816	0.26327	0.26313	0.17555	0.18694	0.13139	0.1995
0.1208	0.15819	0.11213	0.24194	0.21491	0.18001	0.20217	0.18402	0.26172	0.16999
0.064091	0.1288	0.064568	0.024086	0.43256	0.32084	0.32234	0.32787	0.26369	0.21388
0.17595	0.076794	0.055999	0.072073	0.11425	0.4633	0.12406	0.34641	0.29323	0.33771
0.10571	0.092626	0.11164	0.5289	0.031239	0.16681	0.24917	0.30559	0.27723	0.43507
0.18964	0.16153	0.064971	0.059752	0.055572	0.26546	0.34489	0.33947	0.16691	0.29045
0.075431	0.13655	0.011233	0.36042	0.123	0.20413	0.1704	0.14126	0.27141	0.42427
0.20982	0.16864	0.087856	0.1352	0.055619	0.39743	0.47042	0.25356	0.40158	0.13051
0.12873	0.073522	0.097516	0.026036	0.36099	0.22397	0.34687	0.55749	0.21961	0.30838
0.3568	0.24276	0.3693	0.096761	0.090398	0.20196	0.37558	0.48591	0.44488	0.31114
0.058294	0.030285	0.15104	0.14219	0.16181	0.31072	0.36684	0.40657	0.1516	0.33256
0.22287	0.33688	0.097581	0.076909	0.025654	0.35313	0.20364	0.22209	0.27891	0.34422
0.17897	0.17965	0.089975	0.068671	0.28127	0.25162	0.20372	0.38136	0.23243	0.17608
0.15722	0.10911	0.32143	0.08079	0.3483	0.41741	0.32027	0.29	0.50629	0.33457
0.028748	0.033618	0.28888	0.10114	0.13512	0.30162	0.16846	0.47291	0.12137	0.38019
0.37181	0.0074315	0.2121	0.39811	0.36485	0.13143	0.32321	0.2448	0.24671	0.37367
0.49218	0.016723	0.066143	0.023077	0.083698	0.27233	0.35739	0.22634	0.33265	0.4226
0.1107	0.044747	0.11617	0.085839	0.37571	0.1639	0.16815	0.34516	0.35595	0.19093
0.10726	0.52308	0.10571	0.067906	0.019038	0.26202	0.30312	0.39437	0.18245	0.33142
0.098809	0.17671	0.033229	0.061573	0.13405	0.26969	0.17608	0.23516	0.16968	0.34174
0.06918	0.22019	0.23727	0.23467	0.18354	0.3142	0.12838	0.28643	0.29347	0.30593
0.12511	0.069946	0.043042	0.073159	0.083914	0.22287	0.29464	0.28805	0.39896	0.17649
0.04881	0.15256	0.092245	0.042176	0.043411	0.30515	0.31274	0.092979	0.20194	0.26377
0.1883	0.24118	0.13542	0.052482	0.086141	0.25981	0.3319	0.63097	0.22212	0.24122
0.071217	0.16838	0.19936	0.20534	0.039555	0.15062	0.48453	0.18618	0.21279	0.50956
0.12255	0.048279	0.031064	0.07243	0.2034	0.22957	0.30298	0.30627	0.33066	0.39511
0.24445	0.060236	0.15975	0.28981	0.11298	0.15281	0.44397	0.3401	0.35254	0.22347
0.049763	0.18316	0.39654	0.36551	0.071574	0.14367	0.2488	0.21057	0.28104	0.50159
0.028709	0.3417	0.13897	0.053814	0.011135	0.27813	0.34018	0.48721	0.2365	0.36293
0.052876	0.14669	0.049763	0.10486	0.10574	0.28815	0.35309	0.30288	0.28884	0.11819
0.13154	0.25599	0.15305	0.034864	0.15869	0.30644	0.20249	0.18519	0.2064	0.39209
0.20753	0.066788	0.42914	0.52635	0.042937	0.18248	0.20128	0.42327	0.26276	0.26287
0.16425	0.24849	0.392	0.055126	0.079078	0.22284	0.32444	0.19567	0.18452	0.27795
0.091543	0.059651	0.09048	0.2489	0.10734	0.30846	0.19349	0.23249	0.25733	0.14081
0.13146	0.027957	0.14469	0.11449	0.04121	0.37343	0.31467	0.30981	0.19688	0.36135
0.21551	0.11984	0.03079	0.13253	0.12705	0.20928	0.35298	0.1864	0.27895	0.20065
0.014973	0.13523	0.07681	0.25971	0.080081	0.34226	0.20546	0.26121	0.20147	0.15117
0.1146	0.073312	0.1586	0.04007	0.15478	0.38707	0.16031	0.22877	0.18453	0.15687
0.21868	0.43076	0.074252	0.058788	0.12756	0.18837	0.30144	0.16996	0.078044	0.19799
0.075748	0.1414	0.069216	0.26565	0.099087	0.14718	0.16665	0.14856	0.17024	0.23508
0.074423	0.041059	0.40519	0.035626	0.18971	0.34655	0.32956	0.37166	0.36072	0.29994
0.15185	0.11946	0.025676	0.055475	0.12833	0.25254	0.25022	0.22012	0.2506	0.3704
0.040307	0.42227	0.22149	0.062663	0.27858	0.24941	0.14078	0.1397	0.30369	0.37331
0.090383	0.12648	0.022919	0.14994	0.072328	0.19129	0.28533	0.35454	0.26372	0.34345
0.049101	0.062883	0.48768	0.041216	0.088089	0.3111	0.17563	0.33531	0.21273	0.32463
0.70521	0.4208	0.044917	0.02229	0.13597	0.32809	0.29247	0.24423	0.27535	0.19666
0.066872	0.16765	0.19336	0.018983	0.21646	0.22285	0.22319	0.22952	0.31278	0.34353
0.14327	0.035176	0.48147	0.062049	0.025134	0.24031	0.22693	0.23695	0.29872	0.47241
0.10645	0.11008	0.31514	0.064426	0.041744	0.32871	0.44392	0.19639	0.1883	0.13853
0.44922	0.34471	0.050538	0.64259	0.23343	0.26604	0.48003	0.38656	0.38911	0.35236
0.09973	0.11581	0.033722	0.22375	0.15589	0.22172	0.40261	0.25079	0.17184	0.31419
0.60952	0.047787	0.071137	0.24344	0.32793	0.15607	0.37088	0.29023	0.17745	0.31736
0.019402	0.029748	0.65043	0.092841	0.071134	0.44623	0.33464	0.4454	0.29272	0.1781
0.17274	0.016048	0.10671	0.043038	0.16444	0.20492	0.1684	0.20759	0.22942	0.127
0.36297	0.021206	0.49714	0.017062	0.074784	0.246	0.34118	0.19153	0.52511	0.30692
0.17724	0.060631	0.024989	0.048585	0.099274	0.2551	0.20475	0.25034	0.23556	0.41542
0.051905	0.18282	0.0192	0.16347	0.058039	0.35195	0.26758	0.42448	0.35681	0.34758
0.089163	0.25653	0.071058	0.19651	0.18532	0.38997	0.26812	0.39421	0.52454	0.32435
0.12623	0.17072	0.078404	0.21729	0.031897	0.21621	0.21486	0.29984	0.15247	0.29721
0.087567	0.27565	0.36681	0.071581	0.34688	0.34804	0.33747	0.21088	0.24219	0.20516
0.024227	0.33746	0.021543	0.3691	0.21289	0.34066	0.30192	0.10898	0.20312	0.39308
0.64998	0.052935	0.14395	0.17993	0.20822	0.25669	0.22975	0.27286	0.12289	0.36809
0.41762	0.22072	0.062345	0.053084	0.032834	0.21518	0.50661	0.23196	0.2502	0.20742
0.13804	0.056384	0.020018	0.1887	0.24791	0.48904	0.44303	0.23419	0.21433	0.20449
0.1064	0.025256	0.13394	0.14203	0.12318	0.21015	0.19792	0.29532	0.54509	0.31601
0.093463	0.063157	0.40389	0.054808	0.068734	0.2841	0.27794	0.34625	0.24668	0.20365
0.1798	0.01854	0.13781	0.3016	0.089159	0.24433	0.17693	0.28677	0.22313	0.27907
0.037309	0.071307	0.25855	0.26593	0.12364	0.25497	0.1547	0.25985	0.44618	0.12855
0.47969	0.18052	0.046753	0.041186	0.073045	0.19558	0.23792	0.31885	0.27436	0.39501
0.66248	0.33798	0.16289	0.23328	0.011382	0.3263	0.37875	0.30511	0.27483	0.33711
0.072809	0.088794	0.22789	0.62261	0.03945	0.34535	0.30701	0.16219	0.18268	0.28568
0.04963	0.025449	0.12521	0.063154	0.078386	0.075751	0.4907	0.16924	0.28808	0.19243
0.17215	0.17093	0.30112	0.31317	0.064097	0.13097	0.15825	0.2618	0.18404	0.22283
0.072031	0.049158	0.015188	0.087774	0.031916	0.22047	0.3419	0.17626	0.18131	0.4119
0.13457	0.17133	0.036628	0.19966	0.060608	0.38942	0.40779	0.25103	0.27575	0.35608
0.056704	0.12813	0.059604	0.35458	0.1144	0.37959	0.40385	0.40579	0.21435	0.12052
0.10979	0.22762	0.2954	0.27598	0.1188	0.32289	0.10364	0.28567	0.12556	0.21294
0.095093	0.093971	0.11352	0.31442	0.09288	0.23242	0.12914	0.31232	0.28076	0.34147
0.054316	0.17068	0.044618	0.15426	0.0335	0.31634	0.10155	0.30883	0.36978	0.26091
0.27179	0.046922	0.083083	0.036076	0.040541	0.19454	0.54628	0.20841	0.11401	0.24699
0.15962	0.49055	0.38348	0.074947	0.47136	0.33005	0.21742	0.2848	0.36653	0.1363
0.057158	0.01277	0.10816	0.10239	0.42838	0.2407	0.18518	0.24789	0.37418	0.20267
0.029245	0.13547	0.17875	0.068698	0.14232	0.35124	0.15827	0.25582	0.36963	0.40566
0.10191	0.39299	0.089971	0.10608	0.13829	0.36851	0.25618	0.14319	0.17638	0.22039
0.12103	0.25174	0.10064	0.12094	0.36107	0.26833	0.21314	0.21392	0.28368	0.31061
0.10389	0.015818	0.033168	0.30646	0.044002	0.17342	0.49135	0.20624	0.32625	0.2797
0.3151	0.26095	0.13489	0.20699	0.065025	0.14704	0.4493	0.10766	0.33563	0.13403
0.051376	0.072798	0.14674	0.085697	0.052845	0.29519	0.24058	0.22339	0.38735	0.19052
0.086719	0.17498	0.049175	0.047347	0.46328	0.24781	0.1996	0.41776	0.22758	0.11541
0.088328	0.30127	0.16277	0.34325	0.037561	0.17457	0.19731	0.33372	0.29425	0.28167
0.16778	0.141	0.1177	0.070491	0.049744	0.16954	0.28035	0.4732	0.27044	0.16492
0.023278	0.045974	0.20911	0.41973	0.066358	0.37012	0.16344	0.20781	0.16661	0.25162
0.09295	0.21355	0.44512	0.04606	0.11359	0.29801	0.40593	0.24459	0.46934	0.25119
0.032313	0.40891	0.20093	0.10729	0.056912	0.27166	0.13649	0.18127	0.21386	0.1319
0.12493	0.25447	0.052411	0.046317	0.052553	0.41663	0.23071	0.45005	0.21736	0.19164
0.15824	0.16224	0.17417	0.054849	0.18993	0.39892	0.5448	0.1939	0.34102	0.41488
0.16219	0.22803	0.084879	0.18462	0.10528	0.28459	0.28096	0.38944	0.21449	0.33577
0.19768	0.30311	0.32644	0.07536	0.13771	0.21743	0.11339	0.22423	0.27682	0.1526
0.34441	0.14286	0.090842	0.15496	0.083033	0.29283	0.3505	0.27513	0.21218	0.20504
0.15658	0.14258	0.12195	0.37218	0.2667	0.3074	0.22883	0.24778	0.26925	0.31989
0.0080009	0.13786	0.045787	0.094428	0.34172	0.18747	0.23076	0.26042	0.17416	0.29934
0.025102	0.41603	0.031273	0.10888	0.094502	0.15225	0.14989	0.17598	0.39325	0.29919
0.072769	0.018953	0.05118	0.46748	0.014992	0.23977	0.13654	0.33039	0.28965	0.34032
0.092356	0.15114	0.0875	0.014464	0.22123	0.37893	0.3256	0.29469	0.3169	0.36846
0.18648	0.17668	0.04593	0.030502	0.3776	0.29763	0.33587	0.53286	0.29041	0.1221
0.20767	0.3497	0.054449	0.28494	0.03986	0.36185	0.32593	0.11279	0.18436	0.15478
0.042786	0.076736	0.26645	0.093809	0.14728	0.36951	0.087887	0.5373	0.16644	0.18954
0.039459	0.046361	0.27081	0.17196	0.35988	0.26771	0.22077	0.27672	0.32467	0.33898
0.075799	0.19881	0.023839	0.14048	0.043478	0.17083	0.46646	0.27887	0.31981	0.23939
0.10515	0.16609	0.2808	0.061668	0.068896	0.52358	0.21626	0.20266	0.28345	0.24518
0.13459	0.05764	0.036588	0.23337	0.12208	0.29057	0.19868	0.15651	0.16153	0.26896
0.021815	0.059796	0.092995	0.041229	0.030836	0.25328	0.22106	0.30245	0.18893	0.33306
0.10635	0.052616	0.23874	0.058013	0.13051	0.14021	0.2842	0.35353	0.31667	0.12368
0.16086	0.015038	0.16766	0.087229	0.43838	0.25297	0.37721	0.15201	0.26063	0.2993
0.036987	0.15513	0.32116	0.082088	0.07476	0.14407	0.19369	0.206	0.33949	0.19251
0.08571	0.11162	0.26231	0.13405	0.058274	0.21281	0.24177	0.37685	0.15517	0.22569
0.36584	0.023462	0.24932	0.12995	0.039407	0.3358	0.3049	0.41966	0.2794	0.42321
0.043112	0.17389	0.13951	0.017971	0.26818	0.37223	0.19561	0.25151	0.2173	0.2199
0.068158	0.13286	0.11258	0.35266	0.074732	0.3285	0.21528	0.23756	0.32339	0.23311
0.086027	0.27421	0.23132	0.20353	0.039202	0.31872	0.20583	0.22984	0.22981	0.44958
0.038648	0.26603	0.07041	0.21819	0.12194	0.30895	0.25105	0.1677	0.46211	0.31184
0.096017	0.15392	0.016268	0.13841	0.21852	0.26305	0.2551	0.38141	0.20092	0.31664
0.03041	0.1454	0.031878	0.25804	0.044838	0.21139	0.41622	0.19323	0.20694	0.28905
0.19053	0.36968	0.39071	0.48408	0.11665	0.26053	0.31818	0.32191	0.28458	0.2646
0.093687	0.02709	0.083812	0.25133	0.093312	0.34191	0.39255	0.22453	0.28131	0.29349
0.09155	0.11906	0.24883	0.35344	0.087055	0.26377	0.17787	0.22532	0.27661	0.28559
0.040471	0.097986	0.26599	0.01949	0.064799	0.1673	0.32983	0.15813	0.21661	0.19743
0.11979	0.10323	0.068271	0.17249	0.26927	0.29104	0.22662	0.42101	0.37987	0.2164
0.1351	0.13342	0.067224	0.056698	0.071318	0.36763	0.27615	0.27438	0.17885	0.37012
0.25973	0.073968	0.014312	0.049397	0.42665	0.24818	0.23318	0.18642	0.27702	0.19318
0.15005	0.12079	0.10468	0.25723	0.097044	0.20065	0.22917	0.21161	0.44294	0.25009
0.15831	0.35926	0.14259	0.14908	0.38484	0.068673	0.1272	0.20949	0.2888	0.51973
0.056947	0.18426	0.067383	0.041165	0.14475	0.30054	0.21126	0.17066	0.20648	0.30223
0.15663	0.17901	0.20894	0.17274	0.051431	0.23158	0.29654	0.13426	0.33753	0.41573
0.04854	0.096805	0.048991	0.20745	0.064333	0.3801	0.27718	0.24657	0.31058	0.42162
0.080174	0.085804	0.28688	0.038659	0.35093	0.26146	0.14413	0.25151	0.10268	0.31342
0.22024	0.014304	0.26005	0.071566	0.17596	0.25665	0.22889	0.32763	0.45729	0.3466
0.13051	0.053798	0.09884	0.25357	0.063134	0.36554	0.14017	0.23172	0.27872	0.19591
0.12431	0.17693	0.15942	0.13782	0.077155	0.31312	0.13836	0.33785	0.32605	0.22822
0.31601	0.25121	0.059299	0.039283	0.19918	0.15961	0.41885	0.18445	0.18639	0.29899
0.094643	0.088781	0.12037	0.087908	0.085954	0.29451	0.17844	0.16102	0.17305	0.22772
0.041599	0.21816	0.18504	0.053259	0.28122	0.15626	0.27439	0.15506	0.2049	0.19187
0.02221	0.17024	0.17521	0.13137	0.03594	0.37985	0.13888	0.42259	0.32472	0.18332
0.052439	0.47282	0.13973	0.40287	0.18909	0.26267	0.3278	0.30882	0.22927	0.25242
0.1796	0.11891	0.11662	0.15693	0.032674	0.19092	0.32366	0.34627	0.099718	0.21124
0.018243	0.048728	0.074132	0.1672	0.041964	0.26564	0.14473	0.28039	0.3595	0.23031
0.19432	0.071482	0.067326	0.087526	0.20715	0.20045	0.17916	0.0867	0.21889	0.30305
0.042503	0.072486	0.095761	0.10219	0.065734	0.31725	0.24918	0.21114	0.34447	0.13118
0.080996	0.019886	0.4185	0.035265	0.11659	0.20887	0.29151	0.26613	0.22262	0.14658
0.1127	0.06613	0.23199	0.13079	0.051959	0.31726	0.34767	0.2229	0.41531	0.38245
0.23388	0.034365	0.16745	0.22246	0.050336	0.30138	0.215	0.47573	0.22621	0.34796
0.093493	0.15544	0.091059	0.32553	0.11984	0.22289	0.5169	0.24597	0.17907	0.20883
0.059876	0.097206	0.053453	0.012297	0.097278	0.29013	0.49434	0.35527	0.3452	0.27879
0.31292	0.097213	0.014162	0.085015	0.094818	0.19488	0.35437	0.14235	0.34518	0.12213
0.14406	0.12512	0.031939	0.30259	0.22704	0.34561	0.35447	0.29476	0.25918	0.23801
0.18612	0.21845	0.60119	0.13533	0.012887	0.45653	0.10911	0.29381	0.29085	0.26231
0.058543	0.12229	0.1318	0.28048	0.01318	0.32485	0.28185	0.17052	0.15099	0.21324
0.32806	0.12197	0.15856	0.056921	0.33231	0.30135	0.18437	0.4075	0.23723	0.33762
0.044032	0.089796	0.098403	0.071965	0.25391	0.36658	0.43206	0.27528	0.19923	0.17488
0.13959	0.069876	0.18955	0.67404	0.13823	0.24333	0.27956	0.19907	0.33193	0.32715
0.070236	0.064433	0.11347	0.099233	0.15613	0.14669	0.29207	0.38504	0.25379	0.35139
0.086015	0.071374	0.35114	0.20616	0.23474	0.36368	0.26753	0.14362	0.31196	0.2149
0.04016	0.040533	0.13988	0.043616	0.063441	0.28313	0.3932	0.28317	0.23412	0.50625
0.13475	0.043788	0.014822	0.1163	0.16793	0.41424	0.34346	0.27223	0.48576	0.28395
0.30544	0.27683	0.067814	0.014994	0.11772	0.32743	0.38397	0.27218	0.20747	0.35286
0.43305	0.32893	0.038462	0.11239	0.19444	0.15137	0.2085	0.35646	0.1609	0.23904
0.037694	0.077619	0.21164	0.047598	0.045768	0.28462	0.236	0.30223	0.21418	0.1707
0.20254	0.081334	0.60408	0.051093	0.082664	0.16723	0.18508	0.3519	0.35281	0.3626
0.048078	0.16348	0.030078	0.12717	0.11878	0.22315	0.32488	0.2188	0.23815	0.26242
0.040218	0.11712	0.02854	0.0556	0.30928	0.34284	0.29835	0.28624	0.27408	0.28084
0.19954	0.27634	0.18978	0.10408	0.020109	0.21648	0.21055	0.15737	0.21066	0.14156
0.099064	0.35082	0.14784	0.10003	0.18263	0.29079	0.19359	0.29329	0.28405	0.3536
0.078032	0.040301	0.093106	0.060171	0.036997	0.2266	0.42518	0.57408	0.28677	0.31987
0.16065	0.63952	0.20143	0.11072	0.066615	0.33578	0.21873	0.21729	0.39427	0.45184
0.0784	0.34403	0.083415	0.16212	0.062556	0.25049	0.22021	0.36631	0.36876	0.38247
0.21502	0.21244	0.22814	0.16353	0.2743	0.37926	0.25836	0.22892	0.2392	0.28113
0.026386	0.11241	0.29518	0.24026	0.031814	0.23906	0.23882	0.22444	0.20789	0.19785
0.20065	0.035725	0.1167	0.058032	0.18578	0.36486	0.1478	0.47306	0.41053	0.26049
0.23017	0.029046	0.030065	0.40673	0.063952	0.25647	0.52201	0.30212	0.39542	0.16515
0.12866	0.23363	0.08205	0.37608	0.08221	0.2798	0.28565	0.32551	0.30313	0.27163
0.055158	0.46353	0.041529	0.018301	0.22795	0.38667	0.42807	0.20169	0.17092	0.19233
0.082162	0.12374	0.12567	0.081904	0.16627	0.20027	0.28936	0.22082	0.28626	0.22626
0.11799	0.45947	0.42293	0.20062	0.17484	0.30196	0.32789	0.19904	0.13805	0.21737
0.074996	0.088962	0.23299	0.13793	0.32771	0.39798	0.14437	0.21807	0.18585	0.24627
0.17826	0.11289	0.075902	0.17214	0.099738	0.1632	0.16238	0.32753	0.216	0.19771
0.15947	0.069101	0.1858	0.4216	0.28389	0.24347	0.30593	0.23807	0.17646	0.20174
0.11981	0.088042	0.053379	0.062919	0.20584	0.23411	0.3298	0.23633	0.15964	0.24703
0.14139	0.15708	0.27316	0.075221	0.32318	0.37132	0.27797	0.32466	0.27141	0.22586
0.33298	0.19644	0.044008	0.10338	0.43383	0.29929	0.28847	0.42541	0.11636	0.42454
0.034442	0.046112	0.2715	0.059601	0.074107	0.21006	0.29503	0.17187	0.24122	0.26077
0.032955	0.022168	0.31149	0.071789	0.42791	0.28809	0.24066	0.24876	0.39528	0.419
0.048249	0.069297	0.12264	0.12735	0.32019	0.21139	0.23137	0.19162	0.2479	0.32907
0.46212	0.13154	0.040106	0.10539	0.072063	0.24488	0.28557	0.16596	0.19742	0.24804
0.066357	0.044067	0.023838	0.41724	0.12589	0.29162	0.25751	0.50101	0.45137	0.27126
0.13115	0.23177	0.2134	0.11885	0.020201	0.25963	0.19862	0.2756	0.38079	0.3117
0.023318	0.070216	0.086271	0.14829	0.17557	0.33273	0.16838	0.23133	0.30932	0.50398
0.086984	0.094843	0.28238	0.1528	0.047373	0.23493	0.22113	0.30515	0.26017	0.28809
0.18892	0.089405	0.1812	0.085486	0.028079	0.22266	0.2064	0.25304	0.15738	0.11759
0.15454	0.33367	0.14231	0.12874	0.484	0.30184	0.3096	0.36996	0.28876	0.30924
0.10847	0.23974	0.27341	0.058504	0.10867	0.47313	0.2293	0.30389	0.32298	0.24262
0.30969	0.093206	0.18731	0.052049	0.17695	0.41441	0.42874	0.13453	0.27092	0.34622
0.12349	0.11858	0.15359	0.16805	0.074788	0.32436	0.14834	0.31292	0.24588	0.15688
0.14614	0.24203	0.10182	0.37581	0.072465	0.26958	0.37511	0.38764	0.21026	0.48109
0.14446	0.12046	0.045618	0.23007	0.082881	0.21655	0.24541	0.24394	0.29106	0.19468
0.096738	0.096964	0.050288	0.11873	0.037007	0.19624	0.20886	0.34527	0.12725	0.29388
0.25354	0.071912	0.12483	0.048913	0.29848	0.2307	0.24989	0.33559	0.48975	0.15735
0.034754	0.2744	0.083395	0.066207	0.14213	0.21799	0.16893	0.45403	0.29961	0.45235
0.061647	0.051541	0.37312	0.1093	0.01919	0.37458	0.22312	0.22858	0.36449	0.21866
0.42986	0.13568	0.29192	0.23029	0.06555	0.15625	0.26971	0.26464	0.25361	0.36479
0.094214	0.13118	0.16604	0.10265	0.013783	0.2821	0.23167	0.31452	0.31282	0.2193
0.1789	0.043459	0.036986	0.081876	0.069436	0.20018	0.31534	0.32799	0.27108	0.48109
0.16498	0.21102	0.052017	0.16894	0.053596	0.16983	0.3613	0.2611	0.21693	0.3453
0.086961	0.097155	0.092552	0.13449	0.11787	0.1676	0.26904	0.18563	0.1963	0.294
0.064261	0.20125	0.31668	0.23751	0.059278	0.20132	0.26237	0.27887	0.36562	0.16659
0.17112	0.34093	0.10671	0.088144	0.11779	0.20321	0.35777	0.2308	0.22511	0.45481
0.043194	0.017634	0.025885	0.28279	0.075943	0.52106	0.18145	0.2377	0.14867	0.35807
0.60429	0.15948	0.23161	0.01383	0.13683	0.12088	0.33043	0.18003	0.28008	0.53938
0.22867	0.0079924	0.23862	0.16585	0.49622	0.1743	0.33308	0.21715	0.18314	0.16429
0.097448	0.081697	0.042393	0.3946	0.02568	0.27412	0.14681	0.23018	0.29775	0.26535
0.050602	0.022626	0.073542	0.070307	0.011176	0.39158	0.41688	0.72738	0.20189	0.20462
0.1425	0.065126	0.41553	0.030179	0.11556	0.24648	0.16573	0.46634	0.40219	0.44809
0.026817	0.18619	0.019115	0.27483	0.23731	0.24445	0.31418	0.20385	0.1831	0.2409
0.31481	0.19634	0.17611	0.10061	0.026317	0.34711	0.22945	0.13315	0.23494	0.16972
0.5875	0.0093251	0.22363	0.0053673	0.18166	0.1885	0.3099	0.35676	0.14848	0.22291
0.30406	0.1618	0.25328	0.25676	0.38601	0.27423	0.31567	0.37925	0.14485	0.26888
0.53376	0.13825	0.059641	0.20459	0.12947	0.30415	0.40556	0.13736	0.38917	0.30001
0.088548	0.38167	0.11981	0.14397	0.11091	0.11866	0.41213	0.16818	0.36546	0.23364
0.25713	0.21927	0.32919	0.097039	0.043602	0.26259	0.32716	0.28972	0.27247	0.21347
0.16014	0.2544	0.097267	0.045505	0.11169	0.26685	0.28669	0.57703	0.20811	0.21596
0.041864	0.072538	0.0375	0.072087	0.35807	0.23412	0.12034	0.37873	0.28408	0.11135
0.16251	0.10663	0.19629	0.16315	0.27234	0.29092	0.10674	0.30149	0.32412	0.18277
0.14166	0.086678	0.3087	0.077012	0.068444	0.37922	0.25728	0.18543	0.1721	0.47975
0.068851	0.032936	0.062531	0.17239	0.40042	0.2239	0.27805	0.28743	0.26613	0.30285
0.093557	0.12689	0.047479	0.025943	0.23319	0.19521	0.42901	0.23144	0.32952	0.29776
0.065064	0.11733	0.085086	0.24992	0.091011	0.15926	0.15064	0.29449	0.3214	0.11708
0.3556	0.063732	0.36707	0.10292	0.063112	0.2087	0.32866	0.12734	0.1485	0.28073
0.45753	0.15715	0.11735	0.083445	0.06354	0.3762	0.2979	0.25485	0.23648	0.16534
0.11819	0.069358	0.08421	0.081216	0.21465	0.096798	0.12919	0.32275	0.26887	0.56996
0.061427	0.090876	0.27781	0.0347	0.078186	0.44996	0.21804	0.2442	0.27192	0.23824
0.16649	0.15121	0.21189	0.25297	0.12183	0.41483	0.3981	0.43616	0.35455	0.195
0.042549	0.26966	0.093969	0.034079	0.088155	0.2198	0.2888	0.28602	0.37916	0.29351
0.1959	0.12429	0.32656	0.12594	0.10032	0.25678	0.30239	0.35727	0.22329	0.33821
0.18256	0.097589	0.034052	0.32391	0.12984	0.35612	0.32705	0.26206	0.27447	0.32307
0.29113	0.050841	0.086338	0.19313	0.095527	0.19716	0.20698	0.39613	0.25892	0.377
0.053858	0.13338	0.25216	0.077493	0.23246	0.15233	0.34737	0.4303	0.17338	0.16168
0.1753	0.26584	0.3359	0.088578	0.268	0.30008	0.17168	0.41644	0.36574	0.3735
0.22024	0.083284	0.13989	0.077357	0.31623	0.35693	0.1798	0.19271	0.33677	0.24252
0.080779	0.012651	0.16714	0.039811	0.1644	0.38498	0.38323	0.54344	0.21768	0.30622
0.12424	0.057813	0.073696	0.027028	0.11741	0.36905	0.20854	0.1856	0.35248	0.13466
0.12069	0.066292	0.15082	0.048204	0.17182	0.2585	0.2693	0.42281	0.27104	0.2761
0.12567	0.11186	0.14554	0.047388	0.12997	0.26861	0.34076	0.35619	0.15133	0.1662
0.11224	0.23455	0.20989	0.243	0.18294	0.27607	0.57843	0.26394	0.28918	0.41841
0.18698	0.094506	0.054744	0.097683	0.4019	0.33225	0.34283	0.22037	0.2175	0.3533
0.097975	0.12717	0.11635	0.039032	0.12548	0.16717	0.21792	0.27132	0.26237	0.26188
0.056601	0.40828	0.0712	0.24285	0.048555	0.37002	0.27513	0.12818	0.21305	0.28004
0.016804	0.065345	0.33998	0.39672	0.36944	0.43492	0.4287	0.25266	0.27588	0.30648
0.34034	0.11998	0.16561	0.15387	0.24943	0.37308	0.28597	0.29929	0.27921	0.16715
0.0707	0.043626	0.1458	0.022539	0.098082	0.42909	0.30414	0.39939	0.29038	0.56788
0.02333	0.21347	0.10531	0.1487	0.02923	0.29336	0.38321	0.1746	0.24696	0.22362
0.04481	0.027254	0.16662	0.15914	0.073249	0.18798	0.29316	0.30288	0.46756	0.5256
0.047652	0.26682	0.11766	0.11024	0.019916	0.34749	0.30661	0.30772	0.14609	0.3144
0.093722	0.072732	0.43315	0.085275	0.052877	0.36985	0.087875	0.4261	0.23727	0.21121
0.31701	0.17618	0.16843	0.15378	0.3577	0.23046	0.2155	0.14146	0.21892	0.34551
0.44989	0.021737	0.082497	0.21927	0.43122	0.25039	0.30971	0.33845	0.25138	0.24423
0.36816	0.072312	0.37123	0.20758	0.35802	0.47225	0.31337	0.29006	0.16248	0.1649
0.064575	0.076292	0.32498	0.3149	0.075522	0.41302	0.4154	0.080722	0.37348	0.22962
0.087507	0.24181	0.024817	0.096245	0.111	0.36457	0.29822	0.16173	0.2046	0.20073
0.66872	0.059382	0.1913	0.090976	0.11435	0.25292	0.16895	0.29852	0.29213	0.49581
0.13073	0.095181	0.12089	0.048981	0.046433	0.4145	0.22371	0.24846	0.29822	0.33133
0.24565	0.10134	0.12184	0.11617	0.12815	0.19628	0.32257	0.30016	0.46029	0.35369
0.1291	0.060866	0.052633	0.039076	0.19129	0.30199	0.30639	0.48415	0.22061	0.40325
0.078049	0.13203	0.33751	0.021387	0.087459	0.27049	0.16812	0.43052	0.29651	0.36893
0.13155	0.01761	0.68489	0.10653	0.054951	0.18719	0.16753	0.27906	0.17428	0.28358
0.21486	0.06789	0.311	0.036932	0.024291	0.35829	0.2906	0.19776	0.16607	0.21856
0.050404	0.33047	0.10052	0.056916	0.05463	0.22943	0.25451	0.3439	0.5208	0.20371
0.054109	0.051772	0.11567	0.23643	0.091325	0.26766	0.33139	0.19242	0.23618	0.3103
0.111	0.095364	0.12409	0.072397	0.035297	0.25593	0.21153	0.3319	0.40587	0.14453
0.35315	0.29511	0.40496	0.43742	0.20417	0.41392	0.40701	0.22183	0.23405	0.24623
0.086252	0.086565	0.42258	0.096556	0.14135	0.12295	0.18672	0.19189	0.21151	0.48163
0.092	0.21599	0.16266	0.076787	0.069475	0.25591	0.36157	0.19918	0.29456	0.24539
0.11633	0.068632	0.21486	0.085317	0.073206	0.44169	0.20246	0.20983	0.22849	0.18372
0.52421	0.12221	0.329	0.44335	0.010262	0.21924	0.24587	0.22038	0.3118	0.29758
0.29557	0.079539	0.025654	0.062024	0.16163	0.24034	0.43631	0.38733	0.20287	0.17194
0.26188	0.47123	0.30856	0.030464	0.33423	0.31494	0.23767	0.10608	0.16685	0.48381
0.10667	0.31749	0.17093	0.12941	0.11681	0.36754	0.27688	0.098671	0.37109	0.43384
0.13695	0.13828	0.44193	0.21233	0.078875	0.1833	0.25758	0.092614	0.20675	0.47234
0.17717	0.35901	0.35217	0.039407	0.1357	0.25249	0.39772	0.23614	0.35676	0.32582
0.085407	0.013695	0.28748	0.2026	0.22669	0.25648	0.27717	0.21282	0.21969	0.31662
0.32157	0.081076	0.30693	0.1732	0.2056	0.16944	0.30196	0.15915	0.12678	0.2526
0.37228	0.73806	0.097975	0.18786	0.15697	0.32065	0.17197	0.25412	0.3651	0.20009
0.047826	0.2627	0.14728	0.057066	0.18892	0.13125	0.15553	0.45925	0.27448	0.13769
0.36408	0.075315	0.065305	0.12749	0.32584	0.10584	0.23254	0.59551	0.49588	0.26943
0.033777	0.21179	0.074598	0.030772	0.11454	0.25487	0.25787	0.3864	0.31304	0.31692
0.15781	0.040944	0.24174	0.23575	0.56173	0.22455	0.27323	0.23143	0.17124	0.075124
0.30958	0.10003	0.067422	0.083463	0.26237	0.098331	0.19623	0.53464	0.31395	0.35004
0.12204	0.13251	0.069458	0.23222	0.17835	0.20993	0.25961	0.17836	0.23553	0.20577
0.027863	0.18706	0.067115	0.16092	0.11192	0.31134	0.35358	0.25648	0.31672	0.15387
0.15246	0.41017	0.074734	0.20584	0.067737	0.26387	0.19947	0.37706	0.23442	0.10851
0.103	0.028147	0.15652	0.054324	0.29114	0.28386	0.27308	0.25637	0.31479	0.18985
0.14345	0.079071	0.04369	0.08655	0.33115	0.56452	0.1479	0.20623	0.11254	0.33692
0.021161	0.27944	0.061828	0.14518	0.13891	0.28171	0.28524	0.29179	0.33898	0.3708
0.052212	0.31813	0.17084	0.13612	0.32978	0.38078	0.33663	0.23068	0.33038	0.21947
0.52374	0.20778	0.18432	0.045785	0.035299	0.3129	0.35404	0.35325	0.18669	0.33237
0.059259	0.072263	0.023132	0.3172	0.037125	0.32275	0.48603	0.33606	0.19062	0.2507
0.23592	0.26833	0.10925	0.35158	0.024786	0.31757	0.29573	0.30559	0.29455	0.21082
0.23372	0.038093	0.11444	0.46326	0.047724	0.32977	0.51986	0.17366	0.31971	0.27813
0.37097	0.062047	0.33084	0.097803	0.11476	0.19352	0.28851	0.37226	0.61488	0.43725
0.30411	0.10367	0.18103	0.055454	0.060126	0.1888	0.31573	0.40121	0.25422	0.27985
0.010025	0.036597	0.049256	0.12131	0.12426	0.31016	0.23531	0.14808	0.21204	0.24744
0.27839	0.039827	0.047612	0.038726	0.3213	0.14524	0.19045	0.14599	0.28222	0.18847
0.24199	0.17506	0.10064	0.21644	0.1292	0.36468	0.18646	0.52808	0.47459	0.29985
0.040396	0.11525	0.075951	0.23809	0.074687	0.13676	0.36913	0.23417	0.15392	0.23274
0.22858	0.25358	0.04823	0.18806	0.069094	0.16886	0.39861	0.31325	0.26526	0.38503
0.14471	0.18542	0.3739	0.04312	0.14511	0.26726	0.31796	0.41381	0.37587	0.26067
0.59011	0.037504	0.20786	0.35664	0.13409	0.26722	0.42009	0.26843	0.18271	0.34186
0.059028	0.18474	0.27576	0.27587	0.013434	0.12984	0.25442	0.29083	0.28521	0.5176
0.2532	0.46032	0.24487	0.14536	0.037051	0.27136	0.13995	0.20651	0.4949	0.14215
0.41488	0.038139	0.27758	0.24827	0.14478	0.38065	0.62715	0.29207	0.18259	0.22273
0.103	0.080804	0.15423	0.07405	0.046313	0.2607	0.22344	0.23771	0.32599	0.47463
0.051955	0.18206	0.23371	0.043747	0.081232	0.1786	0.27835	0.22646	0.38551	0.44394
0.021601	0.086283	0.18277	0.089458	0.2068	0.3758	0.41886	0.13351	0.2841	0.10177
0.15375	0.048623	0.17664	0.073693	0.58895	0.22982	0.25995	0.22422	0.23151	0.13065
0.022578	0.062548	0.02308	0.15897	0.022611	0.29737	0.16222	0.22358	0.19967	0.22791
0.039111	0.069576	0.13333	0.21704	0.28844	0.33099	0.2414	0.23289	0.34856	0.27806
0.042376	0.031475	0.11339	0.1067	0.27568	0.40741	0.1562	0.094074	0.29744	0.44222
0.1256	0.060422	0.067287	0.17311	0.033064	0.16438	0.27432	0.17505	0.20251	0.22235
0.39438	0.046962	0.1506	0.078464	0.010675	0.1975	0.31591	0.23831	0.28292	0.24312
0.19217	0.16293	0.060302	0.13689	0.16073	0.36534	0.18149	0.27295	0.3039	0.25256
0.4103	0.09877	0.18473	0.14715	0.27998	0.25605	0.23899	0.31987	0.16103	0.13458
0.19564	0.34023	0.1364	0.10498	0.10434	0.23727	0.24102	0.18322	0.29009	0.30627
0.042219	0.055127	0.070701	0.25291	0.20673	0.355	0.17663	0.19432	0.39111	0.27024
0.049567	0.23294	0.16852	0.30765	0.12854	0.14358	0.18381	0.3366	0.45637	0.18233
0.16745	0.24784	0.55519	0.083529	0.080929	0.37679	0.13314	0.13263	0.27847	0.2833
0.18352	0.35823	0.091593	0.072131	0.065628	0.16233	0.26422	0.47311	0.37057	0.23753
0.10861	0.28653	0.016758	0.16364	0.26975	0.25791	0.25355	0.22116	0.28784	0.1558
0.29761	0.22265	0.18429	0.062755	0.42707	0.29301	0.22473	0.30095	0.25344	0.26993
0.16048	0.16744	0.039384	0.40746	0.14327	0.17033	0.22737	0.20532	0.35897	0.33381
0.21359	0.051296	0.22838	0.062291	0.041799	0.3188	0.37044	0.21446	0.45658	0.25882
0.21499	0.054531	0.071742	0.089176	0.077043	0.11385	0.31498	0.33682	0.39625	0.23444
0.084472	0.17976	0.029679	0.31876	0.18152	0.18003	0.309	0.58651	0.28396	0.2023
0.17157	0.36066	0.69676	0.37769	0.19015	0.52738	0.2316	0.21	0.19935	0.41887
0.065444	0.24675	0.084174	0.023412	0.061008	0.35105	0.15886	0.27062	0.28085	0.45431
0.14732	0.083075	0.03829	0.24575	0.022424	0.063944	0.23976	0.2631	0.33329	0.4382
0.040757	0.25544	0.1185	0.0048047	0.39537	0.45771	0.18133	0.46892	0.16939	0.44246
0.12526	0.09217	0.10618	0.079725	0.22475	0.18904	0.29327	0.26073	0.23628	0.26567
0.23843	0.19398	0.018887	0.048886	0.031744	0.16695	0.30936	0.30193	0.12739	0.45899
0.099573	0.059433	0.27507	0.2632	0.11624	0.19782	0.2897	0.31648	0.10615	0.43517
0.04643	0.60197	0.38647	0.21291	0.24119	0.3193	0.2228	0.15657	0.19821	0.22314
0.34655	0.035715	0.10138	0.044347	0.29498	0.18351	0.29185	0.39902	0.21231	0.14185
0.11444	0.1541	0.18148	0.1145	0.25624	0.3681	0.38912	0.30257	0.22139	0.3195
0.046612	0.31884	0.091727	0.35918	0.08615	0.25711	0.26815	0.32571	0.18109	0.23185
0.12969	0.18171	0.21282	0.16687	0.26154	0.33472	0.17444	0.1316	0.29349	0.15131
0.20379	0.1268	0.034238	0.1187	0.060531	0.31143	0.48233	0.30823	0.25225	0.20474
0.39244	0.13208	0.074809	0.33983	0.023729	0.20214	0.1971	0.28203	0.30939	0.28627
0.12498	0.43377	0.10659	0.095583	0.046449	0.4914	0.30306	0.43406	0.28517	0.18107
0.26891	0.20436	0.045965	0.022897	0.11132	0.32088	0.33916	0.24611	0.21813	0.40751
0.24478	0.27004	0.11776	0.029134	0.17702	0.27275	0.42651	0.19559	0.1715	0.26633
0.071165	0.1392	0.12369	0.065494	0.045003	0.32919	0.19691	0.13797	0.27625	0.19724
0.10918	0.084725	0.094624	0.02828	0.26703	0.22254	0.32403	0.27717	0.18506	0.26294
0.34821	0.45563	0.14988	0.054055	0.11889	0.26729	0.32124	0.34569	0.31495	0.19486
0.22744	0.015913	0.16732	0.15268	0.053085	0.15623	0.14949	0.22667	0.24212	0.27428
0.045123	0.40507	0.011419	0.028012	0.13255	0.19321	0.15467	0.46802	0.25562	0.2911
0.051067	0.075073	0.18805	0.0666	0.045979	0.29057	0.18198	0.20153	0.46131	0.20627
0.11333	0.20566	0.058942	0.23937	0.13541	0.27735	0.34921	0.25006	0.30512	0.20258
0.23177	0.39826	0.35049	0.15912	0.083519	0.24231	0.29696	0.4012	0.30294	0.31019
0.46051	0.15383	0.052278	0.12298	0.17159	0.29354	0.39794	0.25896	0.31772	0.13624
0.35463	0.13626	0.25206	0.079363	0.069335	0.33525	0.3066	0.41992	0.29176	0.25781
0.027746	0.069584	0.44489	0.046636	0.34815	0.26893	0.31442	0.33051	0.1487	0.1934
0.076936	0.019392	0.12823	0.037701	0.048559	0.23722	0.37941	0.12679	0.38474	0.33404
0.072575	0.075369	0.21312	0.039623	0.11271	0.30805	0.31812	0.40877	0.27391	0.30699
0.035288	0.11156	0.3143	0.14202	0.083239	0.37966	0.34736	0.22605	0.26096	0.27917
0.10597	0.33542	0.25078	0.061198	0.029142	0.32629	0.35567	0.18436	0.31309	0.4464
0.047159	0.10208	0.039154	0.072089	0.32519	0.40044	0.092263	0.34085	0.27083	0.378
0.40789	0.18258	0.013627	0.15047	0.29127	0.34153	0.21343	0.17165	0.28635	0.56867
0.042277	0.067219	0.12022	0.22498	0.024456	0.30013	0.28331	0.27509	0.49375	0.22515
0.084942	0.2188	0.26289	0.062017	0.42623	0.26939	0.24172	0.39992	0.2914	0.3058
0.011467	0.04245	0.13707	0.068198	0.15652	0.41214	0.30555	0.1727	0.37581	0.51307
0.051559	0.16685	0.11407	0.03455	0.23877	0.094529	0.077595	0.30361	0.16901	0.52747
0.019778	0.1831	0.08984	0.071389	0.082401	0.44575	0.48725	0.38818	0.26651	0.39201
0.21707	0.16585	0.015131	0.084221	0.41828	0.29019	0.17306	0.27728	0.3867	0.19431
0.060107	0.050675	0.12535	0.31767	0.097947	0.23761	0.40651	0.28637	0.32617	0.35669
0.022758	0.20622	0.084271	0.022588	0.15986	0.15665	0.19322	0.18458	0.49652	0.29816
0.13207	0.32323	0.30698	0.04951	0.12314	0.25535	0.29908	0.33497	0.20723	0.26974
0.10972	0.3605	0.038557	0.10876	0.036123	0.3203	0.23557	0.18311	0.3713	0.31643
0.046704	0.18808	0.063456	0.14815	0.45216	0.15954	0.17212	0.30655	0.25774	0.47091
0.14462	0.057826	0.040742	0.55808	0.020502	0.47794	0.20236	0.19085	0.29792	0.17685
0.17289	0.049498	0.16128	0.13122	0.034842	0.23893	0.48216	0.30159	0.20174	0.47329
0.005828	0.2054	0.051759	0.32191	0.062641	0.5843	0.28551	0.17405	0.21596	0.19902
0.32268	0.096469	0.038454	0.019998	0.1335	0.34997	0.2667	0.20134	0.29379	0.36601
0.25293	0.1398	0.11111	0.18983	0.13219	0.19559	0.12441	0.16825	0.25347	0.43911
0.024692	0.19811	0.37706	0.22235	0.12477	0.26135	0.26641	0.42242	0.17095	0.29914
0.025588	0.022038	0.1388	0.13279	0.050593	0.17943	0.23375	0.34468	0.29313	0.33764
0.27103	0.40867	0.21305	0.25238	0.12059	0.22722	0.22292	0.20417	0.37562	0.14545
0.28276	0.27747	0.087524	0.11427	0.10574	0.23824	0.24949	0.18088	0.23271	0.13732
0.010852	0.18209	0.035828	0.073907	0.029982	0.30963	0.43642	0.16398	0.20233	0.12176
0.076426	0.11315	0.096291	0.29273	0.19051	0.25961	0.294	0.21256	0.27921	0.21406
0.13913	0.25949	0.046843	0.19031	0.17094	0.2677	0.2443	0.37887	0.23079	0.26136
0.1561	0.11405	0.14435	0.22105	0.085688	0.30174	0.17623	0.16681	0.33129	0.18837
0.11913	0.075023	0.26966	0.1406	0.026443	0.43112	0.37906	0.39917	0.54652	0.30206
0.32796	0.54983	0.036552	0.033423	0.020029	0.33072	0.16309	0.30731	0.26485	0.27902
0.20162	0.219	0.09932	0.57754	0.12902	0.36516	0.37315	0.16871	0.28505	0.40985
0.1487	0.13862	0.036413	0.16063	0.069726	0.38199	0.36294	0.12242	0.23374	0.16753
0.18137	0.15105	0.10718	0.14653	0.094705	0.14219	0.18059	0.11988	0.49376	0.26684
0.065083	0.13314	0.066494	0.10804	0.016779	0.22436	0.2512	0.39962	0.24299	0.34412
0.16135	0.081567	0.57543	0.43906	0.066027	0.35911	0.18341	0.30716	0.19606	0.19899
0.015391	0.15733	0.088519	0.061942	0.064399	0.19122	0.24294	0.28037	0.29082	0.3078
0.093696	0.042356	0.42015	0.069854	0.082864	0.23346	0.28765	0.20868	0.29023	0.1989
0.065874	0.13748	0.40184	0.064809	0.26308	0.18486	0.17197	0.26669	0.24631	0.33305
0.097672	0.25756	0.10081	0.18841	0.13559	0.19476	0.20876	0.13149	0.20145	0.30654
0.061861	0.067688	0.31437	0.098491	0.34953	0.24311	0.18288	0.25647	0.29191	0.38246
0.13784	0.24606	0.030581	0.061156	0.16717	0.32716	0.42333	0.47452	0.21383	0.3164
0.081747	0.08113	0.22131	0.089646	0.075739	0.40188	0.4091	0.14578	0.20193	0.22311
0.075159	0.29906	0.42591	0.093063	0.43679	0.21923	0.47294	0.25526	0.2996	0.2139
0.11838	0.066631	0.064951	0.066437	0.25299	0.18058	0.24395	0.28578	0.22783	0.21917
0.21411	0.09819	0.092346	0.1854	0.19352	0.27177	0.27562	0.36437	0.12528	0.12111
0.097882	0.23573	0.25027	0.0989	0.20392	0.506	0.43141	0.35615	0.26363	0.24218
0.084676	0.21664	0.345	0.36841	0.05715	0.44012	0.33766	0.2752	0.4412	0.40553
0.097419	0.12189	0.052057	0.089882	0.098799	0.3402	0.19569	0.232	0.31261	0.2518
0.51003	0.1804	0.035892	0.38997	0.29785	0.4129	0.23683	0.50591	0.32578	0.24019
0.097404	0.015112	0.070001	0.22757	0.060474	0.17617	0.45114	0.30047	0.27746	0.112
0.18305	0.44197	0.11022	0.30102	0.07547	0.27083	0.29995	0.24189	0.55939	0.25703
0.40244	0.097401	0.077011	0.3268	0.10034	0.30701	0.41451	0.25475	0.35918	0.24888
0.011684	0.057717	0.31219	0.11284	0.069817	0.26806	0.15251	0.29464	0.23009	0.17473
0.2704	0.15888	0.15445	0.12184	0.099904	0.24218	0.36762	0.22258	0.26303	0.24446
0.28791	0.46837	0.07395	0.22127	0.28225	0.1613	0.43656	0.28695	0.29032	0.33177
0.011683	0.10116	0.11183	0.1414	0.077726	0.23051	0.42059	0.23899	0.098002	0.57019
0.026183	0.073449	0.067379	0.074498	0.054098	0.24961	0.23551	0.26823	0.24438	0.3431
0.054237	0.036376	0.31146	0.25885	0.014426	0.28735	0.12237	0.39045	0.38493	0.28029
0.064629	0.16459	0.17924	0.1483	0.051915	0.23676	0.23108	0.28076	0.16612	0.59295
0.28477	0.102	0.079334	0.099559	0.075534	0.18068	0.44746	0.19188	0.25658	0.45512
0.14401	0.013233	0.36278	0.039645	0.33294	0.21518	0.16992	0.32478	0.1126	0.18649
0.37068	0.26364	0.16601	0.21251	0.1932	0.34516	0.34469	0.3685	0.38529	0.22843
0.34346	0.039336	0.28821	0.11076	0.10865	0.28711	0.28746	0.19954	0.24888	0.43808
0.11742	0.32131	0.07111	0.076295	0.14547	0.4074	0.15418	0.15789	0.23897	0.36963
0.37591	0.28568	0.067616	0.2842	0.023769	0.3927	0.16006	0.27897	0.20559	0.32659
0.17339	0.094542	0.17542	0.12244	0.037378	0.26163	0.29825	0.41913	0.20762	0.40795
0.2929	0.2073	0.13197	0.067185	0.063265	0.1077	0.29525	0.24692	0.18874	0.19372
0.07824	0.048744	0.098715	0.087966	0.4184	0.38509	0.33222	0.24162	0.32817	0.32384
0.029857	0.23613	0.19339	0.15096	0.13548	0.20001	0.22114	0.41551	0.25035	0.13826
0.03064	0.05473	0.050979	0.19638	0.023157	0.17475	0.44135	0.45959	0.24223	0.23758
0.066066	0.22828	0.26582	0.12905	0.11433	0.19679	0.23084	0.38535	0.22823	0.38868
0.12216	0.017714	0.121	0.11562	0.019089	0.40032	0.28015	0.21304	0.23235	0.4826
0.17621	0.078035	0.28336	0.11303	0.074076	0.34933	0.25651	0.21043	0.34962	0.11605
0.064024	0.089843	0.044743	0.14898	0.30077	0.12781	0.34938	0.23347	0.29756	0.33862
0.015199	0.089827	0.020303	0.1333	0.022028	0.33413	0.20782	0.29812	0.22705	0.22498
0.24125	0.012682	0.027213	0.42996	0.37366	0.39769	0.37817	0.24155	0.40528	0.36891
0.4083	0.077425	0.43214	0.019222	0.27812	0.58903	0.22387	0.31451	0.19828	0.33844
0.43196	0.063099	0.044508	0.02123	0.31809	0.17455	0.45573	0.41978	0.23323	0.22928
0.15676	0.14612	0.14711	0.02892	0.077392	0.23079	0.11059	0.16383	0.1165	0.23827
0.091873	0.088488	0.1805	0.21635	0.14533	0.41832	0.28045	0.21006	0.44334	0.28439
0.31253	0.19475	0.39211	0.26978	0.019242	0.29233	0.18046	0.24805	0.31177	0.38006
0.082546	0.056571	0.037985	0.10861	0.31079	0.28846	0.19319	0.22787	0.15303	0.32212
0.029867	0.12048	0.26152	0.043534	0.32348	0.2405	0.22362	0.30473	0.38042	0.36779
0.11419	0.45768	0.13026	0.045939	0.10103	0.23853	0.21574	0.23411	0.21381	0.32259
0.14864	0.20227	0.31031	0.030059	0.21306	0.33887	0.31825	0.45086	0.33055	0.19394
0.30215	0.045091	0.036882	0.039762	0.25615	0.27954	0.33819	0.12969	0.40253	0.47582
0.039466	0.068852	0.17008	0.028467	0.1197	0.39392	0.4091	0.17429	0.22298	0.33724
0.034774	0.21466	0.04516	0.030648	0.039503	0.28815	0.087268	0.27033	0.23691	0.26623
0.14982	0.067597	0.043841	0.16882	0.21753	0.39761	0.33359	0.22253	0.31928	0.25327
0.06607	0.062193	0.07395	0.16806	0.19748	0.31506	0.30013	0.25223	0.24323	0.092524
0.18914	0.36726	0.062875	0.24574	0.25846	0.090398	0.23194	0.25193	0.12549	0.23945
0.096099	0.22432	0.015859	0.36586	0.090093	0.25094	0.28547	0.25438	0.38891	0.16709
0.11486	0.12649	0.11733	0.014317	0.0057146	0.10328	0.51351	0.46069	0.34422	0.19881
0.047457	0.024941	0.078168	0.085333	0.18731	0.25517	0.39594	0.35962	0.34131	0.26514
0.25086	0.032344	0.047567	0.18153	0.57532	0.28803	0.2516	0.42011	0.40452	0.28934
0.16361	0.11938	0.15218	0.14272	0.059617	0.29101	0.25757	0.32859	0.28503	0.28573
0.49645	0.055033	0.2499	0.12793	0.1411	0.16973	0.39296	0.36886	0.2723	0.44334
0.049518	0.098796	0.42068	0.44969	0.17625	0.2324	0.23931	0.29886	0.2124	0.21136
0.14696	0.10159	0.23637	0.12607	0.26769	0.36051	0.29207	0.47336	0.20316	0.40368
0.042486	0.065922	0.013477	0.44015	0.050824	0.40366	0.21113	0.20945	0.32993	0.2331
0.28201	0.097682	0.11712	0.083962	0.43236	0.21069	0.39308	0.31745	0.2159	0.28838
0.033995	0.14376	0.32767	0.03787	0.18356	0.28514	0.48347	0.23019	0.2931	0.26698
0.084723	0.18424	0.067062	0.32261	0.28017	0.43536	0.33003	0.40436	0.35777	0.21015
0.02357	0.06939	0.43394	0.034175	0.035388	0.15169	0.26667	0.17894	0.30487	0.12966
0.086911	0.081503	0.090618	0.15416	0.1848	0.2728	0.14535	0.2739	0.38106	0.27362
0.056678	0.1227	0.34935	0.077981	0.067577	0.22501	0.38393	0.41354	0.2606	0.14966
0.46895	0.28628	0.085473	0.041364	0.13422	0.51352	0.22536	0.21888	0.1464	0.32073
0.39963	0.31731	0.19583	0.22209	0.066413	0.34148	0.18177	0.22908	0.32456	0.1054
0.21582	0.097374	0.22265	0.051872	0.10388	0.20045	0.22692	0.36135	0.17266	0.32267
0.11583	0.060914	0.068224	0.19642	0.15584	0.17271	0.32728	0.44945	0.22579	0.29861
0.25397	0.058505	0.046293	0.23881	0.10138	0.25927	0.19293	0.26241	0.41685	0.2961
0.046729	0.093372	0.19299	0.14568	0.44916	0.51598	0.22413	0.36421	0.26507	0.098628
0.13588	0.19353	0.11076	0.52189	0.13761	0.22732	0.37115	0.2509	0.34909	0.23329
0.17928	0.13563	0.071612	0.10797	0.063816	0.4198	0.1857	0.36833	0.20073	0.22516
0.04745	0.39618	0.072512	0.072455	0.094933	0.22305	0.2391	0.49935	0.24472	0.18098
0.054817	0.081787	0.19942	0.047232	0.10709	0.2393	0.22081	0.43534	0.1468	0.2309
0.30017	0.080719	0.024435	0.064502	0.097669	0.49858	0.4094	0.23949	0.1336	0.4695
0.048609	0.17405	0.43567	0.12052	0.12556	0.20364	0.13423	0.30719	0.28701	0.20075
0.31735	0.33525	0.070735	0.03995	0.36657	0.45446	0.33858	0.25473	0.10836	0.27621
0.082564	0.13365	0.41354	0.03147	0.038999	0.50932	0.40976	0.21505	0.43017	0.28425
0.15206	0.21995	0.15262	0.25614	0.019072	0.37067	0.34366	0.31698	0.29947	0.27559
0.054014	0.076462	0.20611	0.14484	0.1552	0.20214	0.20212	0.4002	0.1891	0.17104
0.051553	0.16001	0.052834	0.12725	0.038251	0.2994	0.19457	0.31341	0.47893	0.26854
0.04342	0.27192	0.17951	0.20097	0.15406	0.29985	0.25053	0.27319	0.086224	0.43165
0.31443	0.33403	0.032658	0.12545	0.090821	0.57839	0.29692	0.27446	0.10371	0.23927
0.17904	0.064873	0.38114	0.046319	0.20706	0.30209	0.18532	0.21813	0.097554	0.19983
0.11156	0.088683	0.33916	0.25582	0.24934	0.23101	0.31881	0.31923	0.26063	0.1783
0.2664	0.047943	0.090245	0.14521	0.087127	0.26847	0.19738	0.34299	0.32623	0.36447
0.10301	0.04469	0.13447	0.10698	0.43892	0.31375	0.43692	0.27703	0.2085	0.24243
0.085065	0.12374	0.14875	0.038841	0.13369	0.35685	0.14363	0.068316	0.34338	0.3057
0.30144	0.3364	0.11493	0.090134	0.042957	0.15794	0.45469	0.14458	0.1762	0.19228
0.13943	0.062983	0.16122	0.17251	0.041523	0.31957	0.39042	0.17573	0.15243	0.20572
0.059895	0.13034	0.40961	0.41696	0.13748	0.13519	0.26241	0.33363	0.28478	0.18747
0.037124	0.17786	0.23397	0.076027	0.17999	0.15897	0.214	0.15586	0.2356	0.54828
0.11311	0.14632	0.23129	0.29809	0.20661	0.21081	0.21141	0.43418	0.35265	0.35224
0.23082	0.056179	0.065312	0.40573	0.11666	0.41808	0.24555	0.26027	0.31784	0.28709
0.10036	0.061394	0.19694	0.25823	0.043234	0.29076	0.23206	0.26153	0.48121	0.21715
0.13981	0.22789	0.29381	0.11791	0.023915	0.17135	0.43308	0.12456	0.35675	0.37839
0.10621	0.08732	0.35179	0.10798	0.072803	0.56352	0.24589	0.14915	0.4182	0.2963
0.068618	0.053494	0.19257	0.02223	0.19257	0.29312	0.35135	0.10578	0.28911	0.37956
0.32126	0.25638	0.053	0.056713	0.2421	0.24083	0.32202	0.30937	0.22728	0.28264
0.13451	0.031597	0.095326	0.024253	0.38109	0.52633	0.22035	0.23824	0.36084	0.56178
0.10643	0.10059	0.041485	0.072755	0.47576	0.16281	0.18306	0.38463	0.35973	0.37324
0.05644	0.023867	0.08567	0.057437	0.33965	0.41453	0.30935	0.15657	0.20997	0.53874
0.042186	0.069884	0.039191	0.11147	0.14789	0.24017	0.37634	0.43721	0.25661	0.25106
0.39774	0.10603	0.092097	0.076381	0.19974	0.23517	0.14894	0.26731	0.16266	0.25522
0.038668	0.33086	0.086547	0.18357	0.1533	0.28499	0.3287	0.29158	0.30735	0.50083
0.044522	0.071146	0.24422	0.059749	0.06765	0.2831	0.18681	0.26871	0.2354	0.49641
0.052594	0.13504	0.22791	0.24322	0.10355	0.29696	0.18943	0.23021	0.41904	0.22968
0.056556	0.099584	0.23199	0.029247	0.14802	0.20081	0.13112	0.12585	0.12679	0.15345
0.15383	0.1248	0.19646	0.26517	0.10486	0.31921	0.35561	0.18231	0.30079	0.2916
0.012882	0.018888	0.46465	0.28929	0.29682	0.23401	0.29839	0.31093	0.17573	0.33382
0.065968	0.19034	0.36584	0.17513	0.10778	0.31279	0.23511	0.30271	0.42253	0.28849
0.14037	0.3383	0.045736	0.13089	0.089715	0.26858	0.27418	0.29838	0.21015	0.19877
0.047941	0.21708	0.17195	0.078474	0.25441	0.2131	0.27362	0.29614	0.4435	0.2069
0.31234	0.17033	0.056922	0.062825	0.12925	0.25034	0.21734	0.36243	0.17803	0.47265
0.3038	0.06585	0.097887	0.17822	0.10854	0.1567	0.27924	0.20567	0.40618	0.31202
0.04553	0.093784	0.020382	0.2231	0.12659	0.11293	0.2649	0.23149	0.41406	0.30798
0.10559	0.30013	0.32646	0.13645	0.019611	0.21649	0.24387	0.4026	0.23757	0.29728
0.16991	0.32034	0.027733	0.14082	0.071767	0.16861	0.30241	0.28855	0.41439	0.19671
0.10618	0.16841	0.082111	0.31806	0.15474	0.17456	0.48376	0.37875	0.26597	0.28605
0.094398	0.09149	0.37007	0.096588	0.042946	0.5471	0.18181	0.22726	0.16537	0.19523
0.31257	0.04195	0.079509	0.086929	0.14312	0.23373	0.25076	0.29543	0.44936	0.30729
0.091538	0.13849	0.30721	0.18838	0.071128	0.29082	0.33244	0.41632	0.36419	0.34533
0.18651	0.10302	0.017857	0.16997	0.14505	0.38455	0.2664	0.46655	0.27029	0.23653
0.30579	0.16992	0.053787	0.049141	0.22857	0.33597	0.36514	0.28775	0.15743	0.2843
0.057506	0.049476	0.27014	0.16272	0.11615	0.47949	0.26238	0.24399	0.28344	0.30519
0.080642	0.059332	0.50424	0.19775	0.10188	0.24327	0.20394	0.23944	0.5803	0.24675
0.10885	0.041324	0.28443	0.11981	0.25701	0.17839	0.17016	0.22777	0.24835	0.25004
0.033741	0.24569	0.41409	0.093094	0.47168	0.20432	0.33956	0.21563	0.24437	0.3509
0.52686	0.24879	0.087799	0.1542	0.17129	0.21422	0.37799	0.30093	0.087199	0.46143
0.13827	0.020535	0.16003	0.067661	0.1341	0.34917	0.51144	0.21296	0.34993	0.27626
0.16525	0.092731	0.2361	0.015453	0.046788	0.33696	0.21505	0.3187	0.22853	0.15494
0.34815	0.11087	0.1385	0.034292	0.12119	0.35866	0.15182	0.14789	0.28679	0.33178
0.058941	0.023683	0.049713	0.043512	0.25249	0.29037	0.20932	0.25439	0.21408	0.24966
0.081941	0.051778	0.59929	0.15581	0.035453	0.16638	0.32159	0.44982	0.19408	0.35
0.60306	0.051981	0.0094417	0.057588	0.14234	0.53829	0.33604	0.16636	0.29429	0.33008
0.11857	0.10124	0.14965	0.040819	0.11755	0.34263	0.30819	0.16412	0.2819	0.27073
0.045371	0.077745	0.11561	0.60646	0.018069	0.18287	0.19018	0.27975	0.29867	0.4446
0.15536	0.10575	0.058929	0.090411	0.23253	0.37615	0.29938	0.24243	0.28431	0.16084
0.23885	0.056781	0.085281	0.27006	0.019607	0.27764	0.20815	0.42782	0.22532	0.25055
0.47461	0.055614	0.17357	0.16502	0.42577	0.27982	0.48432	0.16476	0.35149	0.17473
0.33899	0.0082506	0.083115	0.11727	0.76172	0.34626	0.27014	0.12708	0.34012	0.22543
0.46771	0.24285	0.082871	0.037242	0.085799	0.26739	0.23384	0.35519	0.19104	0.30215
0.058367	0.15061	0.15388	0.094725	0.29981	0.24403	0.30089	0.22123	0.3489	0.29684
0.11838	0.21779	0.38737	0.037272	0.13886	0.12371	0.18609	0.40899	0.44861	0.28428
0.056768	0.096881	0.052128	0.13492	0.28089	0.16483	0.2378	0.45156	0.32226	0.15214
0.21511	0.036732	0.50489	0.047703	0.19787	0.19608	0.18955	0.41087	0.20986	0.34166
0.24665	0.17507	0.14417	0.41913	0.14068	0.24503	0.25295	0.12474	0.15491	0.23977
0.16767	0.2428	0.10581	0.38046	0.096958	0.22135	0.45215	0.2716	0.5001	0.24898
0.15995	0.034473	0.24211	0.17592	0.025293	0.43834	0.37005	0.25088	0.23931	0.33543
0.07154	0.066451	0.057543	0.36186	0.036806	0.26501	0.15137	0.34684	0.15847	0.19653
0.16963	0.055296	0.14149	0.01499	0.076925	0.35041	0.38709	0.36586	0.39894	0.18546
0.24041	0.22687	0.30296	0.16607	0.26014	0.40371	0.52745	0.37413	0.30857	0.20157
0.54735	0.55797	0.20555	0.32371	0.025998	0.39774	0.41879	0.16146	0.42451	0.45043
0.080262	0.30453	0.020967	0.092175	0.11639	0.40923	0.27992	0.13495	0.32956	0.35496
0.13548	0.089557	0.14624	0.12655	0.35197	0.2459	0.42417	0.20902	0.39036	0.24762
0.071816	0.11663	0.26109	0.10322	0.35381	0.28692	0.37187	0.30968	0.24445	0.25179
0.048031	0.1266	0.065721	0.040401	0.040373	0.21806	0.30481	0.24107	0.21281	0.26845
0.021476	0.31996	0.17692	0.10527	0.13338	0.21798	0.19568	0.37936	0.24406	0.26767
0.16013	0.35142	0.03872	0.35654	0.32917	0.10599	0.31972	0.33248	0.25746	0.30174
0.12438	0.10997	0.10938	0.10506	0.23958	0.33417	0.3214	0.31584	0.18167	0.41423
0.096005	0.14313	0.19526	0.063049	0.027586	0.098779	0.14066	0.36669	0.23219	0.4974
0.36756	0.057909	0.092611	0.072445	0.047283	0.30936	0.20464	0.17698	0.10869	0.26283
0.2411	0.13602	0.068099	0.48398	0.080905	0.2145	0.079596	0.44497	0.36919	0.24245
0.30993	0.08774	0.074131	0.10132	0.155	0.43347	0.47605	0.30996	0.1869	0.28065
0.039247	0.30155	0.39106	0.45853	0.020661	0.13738	0.15445	0.29406	0.23866	0.13125
0.21897	0.037514	0.55188	0.15544	0.63139	0.32484	0.23338	0.17822	0.14844	0.27947
0.072714	0.31273	0.029917	0.14397	0.082597	0.37051	0.17913	0.21336	0.30887	0.21585
0.24771	0.21012	0.095095	0.13944	0.16588	0.26814	0.20729	0.27251	0.19481	0.47761
0.30873	0.17949	0.039354	0.026793	0.03785	0.30666	0.15931	0.34293	0.19882	0.28245
0.078742	0.064426	0.45745	0.29483	0.065789	0.43852	0.21869	0.33727	0.51565	0.16348
0.077319	0.078068	0.025452	0.3894	0.36476	0.33392	0.3781	0.21586	0.26712	0.30904
0.18278	0.22306	0.10129	0.026176	0.092097	0.29608	0.29809	0.19528	0.35947	0.54889
0.23862	0.20569	0.53934	0.1776	0.13955	0.15956	0.075289	0.21527	0.18328	0.27635
0.51073	0.23481	0.034691	0.15403	0.3605	0.3606	0.27697	0.3574	0.29256	0.17862
0.060006	0.068499	0.22285	0.10385	0.068705	0.42195	0.32693	0.37964	0.35866	0.1388
0.072629	0.21418	0.18034	0.12269	0.08697	0.28762	0.29427	0.25261	0.34686	0.30562
0.078975	0.12039	0.26268	0.17302	0.45923	0.26323	0.16554	0.19838	0.39819	0.19299
0.15636	0.17116	0.1336	0.052558	0.17536	0.34164	0.22925	0.1778	0.25907	0.24791
0.11231	0.18045	0.28556	0.24253	0.4148	0.27368	0.24289	0.23127	0.39058	0.2747
0.010845	0.089083	0.015818	0.023004	0.34543	0.31994	0.27658	0.4634	0.11465	0.20287
0.1618	0.021659	0.11385	0.34277	0.15235	0.12977	0.24215	0.17016	0.56521	0.14007
0.334	0.17899	0.12967	0.15657	0.21924	0.32522	0.13806	0.32926	0.10674	0.3438
0.023168	0.18549	0.035619	0.31712	0.02075	0.18765	0.15528	0.48227	0.1691	0.32113
0.13267	0.14572	0.11718	0.15302	0.25983	0.16518	0.19074	0.27753	0.44483	0.17339
0.20647	0.28328	0.10189	0.396	0.64294	0.34885	0.22064	0.29077	0.34683	0.27267
0.26445	0.1237	0.32613	0.058674	0.083055	0.32913	0.22023	0.25364	0.45137	0.21291
0.04322	0.22915	0.083834	0.21059	0.17634	0.085232	0.25419	0.29625	0.22783	0.28497
0.07057	0.06233	0.054178	0.1466	0.16721	0.13138	0.26063	0.50796	0.33382	0.26942
0.021455	0.11081	0.41299	0.13991	0.49902	0.51491	0.38093	0.30954	0.24147	0.22885
0.11372	0.052216	0.17795	0.1944	0.15514	0.63997	0.20267	0.4912	0.30657	0.46197
0.22741	0.10898	0.11554	0.064657	0.0067878	0.23207	0.26772	0.34434	0.21132	0.22907
0.46229	0.10304	0.066436	0.33347	0.14567	0.25848	0.3604	0.097831	0.44828	0.17754
0.042274	0.074086	0.085442	0.17198	0.11575	0.33429	0.30814	0.30832	0.14681	0.26443
0.021274	0.6629	0.09697	0.10679	0.04403	0.1597	0.27983	0.46328	0.16291	0.22317
0.16383	0.11689	0.23241	0.053262	0.053862	0.23837	0.14586	0.4002	0.2932	0.334
0.041836	0.064764	0.074602	0.18087	0.042441	0.45721	0.14108	0.2724	0.27012	0.17979
0.12897	0.039638	0.10779	0.10432	0.24255	0.21147	0.23668	0.22518	0.16463	0.42477
0.30051	0.25719	0.45065	0.045177	0.054517	0.26465	0.21015	0.24864	0.36658	0.29972
0.24281	0.070174	0.36714	0.099371	0.14927	0.1501	0.25572	0.23039	0.28207	0.26521
0.031459	0.080208	0.39956	0.046552	0.042068	0.17016	0.15	0.37277	0.31484	0.20987
0.070522	0.068638	0.087089	0.34002	0.047848	0.28781	0.35685	0.40237	0.2373	0.3302
0.083862	0.32021	0.12798	0.13324	0.10912	0.23817	0.26541	0.20697	0.30549	0.23122
0.15273	0.6882	0.04318	0.08663	0.13087	0.36951	0.42222	0.39917	0.15065	0.2231
0.02279	0.26264	0.052759	0.041119	0.08761	0.31164	0.34881	0.12644	0.14343	0.19255
0.033017	0.16932	0.15289	0.073845	0.044328	0.24742	0.35752	0.20159	0.23471	0.24171
0.11761	0.17694	0.10121	0.09108	0.017902	0.37285	0.18734	0.22311	0.36423	0.20757
0.093848	0.020364	0.053894	0.04447	0.32486	0.18706	0.49573	0.23821	0.35508	0.19654
0.31855	0.18481	0.28882	0.38773	0.013997	0.50305	0.31711	0.26875	0.13317	0.25573
0.06429	0.18425	0.090037	0.022319	0.10621	0.21206	0.30171	0.11227	0.2629	0.38485
0.22887	0.11539	0.063481	0.041472	0.051044	0.3516	0.26782	0.22558	0.45949	0.29223
0.039971	0.11385	0.099561	0.046194	0.30867	0.30076	0.18431	0.17079	0.45598	0.096515
0.2091	0.30313	0.1326	0.26405	0.10034	0.4455	0.32273	0.17058	0.31878	0.37086
0.40048	0.11709	0.010531	0.025805	0.038308	0.37919	0.33363	0.33164	0.34589	0.40042
0.0073922	0.048842	0.068191	0.048528	0.15244	0.30371	0.18056	0.3263	0.27	0.27818
0.028619	0.084785	0.11275	0.049676	0.30811	0.22589	0.27182	0.38075	0.1577	0.439
0.035456	0.04896	0.1347	0.46706	0.78136	0.35151	0.28917	0.22759	0.3495	0.40927
0.40141	0.25274	0.042429	0.069308	0.065073	0.27277	0.19128	0.19007	0.40747	0.22243
0.08149	0.063421	0.77527	0.11719	0.045004	0.15374	0.23483	0.16189	0.36462	0.2261
0.053169	0.12971	0.14671	0.019195	0.26104	0.20491	0.18202	0.2162	0.32134	0.31208
0.0098795	0.28345	0.34668	0.22574	0.12809	0.40526	0.26257	0.19811	0.14613	0.33071
0.13625	0.37457	0.19402	0.20115	0.36784	0.20974	0.41845	0.32295	0.16844	0.24571
0.014298	0.22435	0.055791	0.042686	0.050195	0.37291	0.36399	0.2097	0.28961	0.20658
0.089108	0.013573	0.16141	0.15346	0.065229	0.2247	0.11279	0.26384	0.32564	0.19905
0.089791	0.23497	0.024694	0.054453	0.12277	0.24743	0.2246	0.32801	0.13867	0.11838
0.021775	0.37006	0.28274	0.28595	0.073902	0.271	0.41351	0.16621	0.16373	0.33108
0.075248	0.20482	0.074548	0.36346	0.021907	0.19042	0.46985	0.12311	0.18531	0.40359
0.40034	0.11324	0.18882	0.11088	0.05991	0.28053	0.092034	0.28289	0.21826	0.2182
0.11604	0.061878	0.11665	0.28129	0.033444	0.22683	0.36695	0.4501	0.14093	0.38738
0.12344	0.33733	0.25281	0.18543	0.10473	0.28207	0.39578	0.34496	0.29908	0.17616
0.040568	0.096769	0.14169	0.027132	0.16247	0.24376	0.32163	0.25054	0.15343	0.31726
0.061265	0.068975	0.10874	0.31209	0.0403	0.29149	0.24048	0.40282	0.30044	0.33346
0.13057	0.066333	0.18898	0.15877	0.31433	0.46337	0.44079	0.28172	0.31302	0.17143
0.17348	0.18828	0.054442	0.20382	0.11831	0.23038	0.22066	0.27178	0.2244	0.1888
0.029597	0.46418	0.31167	0.09092	0.077714	0.2837	0.11965	0.37495	0.11329	0.18214
0.28374	0.078843	0.12384	0.088614	0.17599	0.13985	0.2579	0.39634	0.27633	0.24754
0.041785	0.07553	0.089072	0.07296	0.17642	0.27999	0.23747	0.29458	0.39527	0.11753
0.1943	0.090313	0.68589	0.18801	0.10533	0.35273	0.32534	0.22612	0.29631	0.30404
0.13304	0.34214	0.27909	0.12521	0.052959	0.21467	0.37066	0.23223	0.32414	0.25262
0.034771	0.040062	0.21618	0.20745	0.37966	0.47934	0.18648	0.53071	0.53124	0.29539
0.073493	0.03253	0.17842	0.13944	0.17955	0.27558	0.16176	0.40631	0.45981	0.11185
0.35637	0.021555	0.12861	0.22375	0.086747	0.32047	0.34927	0.32617	0.3356	0.22368
0.13722	0.31531	0.076476	0.091526	0.54219	0.20146	0.29437	0.17276	0.36215	0.41599
0.18798	0.12941	0.18093	0.064276	0.37778	0.18557	0.41502	0.24369	0.2316	0.25855
0.10682	0.17195	0.12933	0.018285	0.412	0.23568	0.18742	0.32175	0.26264	0.36821
0.17518	0.40342	0.19474	0.14618	0.066043	0.33941	0.2172	0.2658	0.42128	0.18714
0.21716	0.064345	0.22842	0.16731	0.093122	0.55178	0.23496	0.24974	0.38558	0.23511
0.099735	0.059093	0.49604	0.42885	0.092184	0.34709	0.2618	0.26387	0.46018	0.19451
0.053223	0.13913	0.051618	0.090202	0.27181	0.2018	0.23557	0.19661	0.24764	0.36678
0.2883	0.26723	0.19176	0.097969	0.28991	0.20276	0.22955	0.19798	0.35742	0.26628
0.12304	0.29307	0.14742	0.21387	0.22087	0.32022	0.28716	0.43869	0.37484	0.41724
0.094149	0.16116	0.066613	0.079055	0.055555	0.27064	0.37774	0.34276	0.1736	0.35331
0.08806	0.035324	0.036766	0.037119	0.039594	0.28434	0.38476	0.29032	0.24383	0.23792
0.034092	0.19271	0.11114	0.27858	0.084836	0.25691	0.51906	0.11765	0.37131	0.19911
0.3071	0.32215	0.26389	0.046805	0.2257	0.30335	0.30149	0.4591	0.25303	0.36355
0.042518	0.04565	0.11133	0.077733	0.10328	0.3148	0.16177	0.16107	0.34462	0.32248
0.28723	0.046538	0.064833	0.053407	0.079955	0.23032	0.31909	0.35599	0.25841	0.18399
0.13929	0.35794	0.15979	0.057824	0.062731	0.41393	0.2088	0.21937	0.14389	0.41444
0.28131	0.1497	0.10228	0.091573	0.19032	0.55451	0.29337	0.41169	0.32336	0.53649
0.055691	0.15713	0.22164	0.36933	0.01013	0.22913	0.37418	0.32917	0.21139	0.32971
0.29494	0.35517	0.10529	0.11018	0.088431	0.25494	0.18254	0.40457	0.64514	0.2364
0.18689	0.20589	0.027597	0.093543	0.1939	0.35463	0.26892	0.27601	0.30589	0.24373
0.063933	0.30984	0.049173	0.2014	0.13772	0.29137	0.14145	0.16756	0.43286	0.29743
0.12492	0.12222	0.14148	0.038126	0.075209	0.32984	0.15823	0.21555	0.30631	0.36533
0.13082	0.31185	0.31223	0.055798	0.38583	0.18524	0.14885	0.39031	0.25065	0.31686
0.028415	0.45267	0.024946	0.041918	0.017371	0.32587	0.15957	0.3573	0.39637	0.31571
0.18248	0.10387	0.55307	0.079866	0.31228	0.2944	0.19433	0.4148	0.24871	0.23042
0.071819	0.095986	0.051292	0.090136	0.26198	0.23495	0.22289	0.26878	0.22762	0.2555
0.31591	0.062004	0.27656	0.17984	0.042108	0.21059	0.27484	0.24916	0.28099	0.68732
0.098015	0.22409	0.095467	0.18493	0.19225	0.22902	0.21323	0.23628	0.26139	0.31565
0.34266	0.41506	0.039809	0.12516	0.072806	0.4361	0.33495	0.076857	0.32339	0.24375
0.17699	0.2173	0.21879	0.010863	0.026743	0.36494	0.19046	0.30519	0.34478	0.14311
0.14636	0.24751	0.051098	0.4284	0.041686	0.36147	0.21276	0.3065	0.37662	0.31652
0.18165	0.24881	0.09977	0.24223	0.088904	0.43729	0.36052	0.39931	0.26761	0.17256
0.01868	0.18321	0.18884	0.030935	0.21089	0.22098	0.20929	0.2227	0.346	0.33451
0.1194	0.25955	0.061577	0.20687	0.31948	0.30271	0.36615	0.20247	0.34027	0.32632
0.055979	0.016241	0.13352	0.11081	0.44218	0.22979	0.47567	0.23955	0.20501	0.14601
0.11799	0.29777	0.41335	0.057793	0.06701	0.34368	0.39121	0.13164	0.17783	0.18528
0.15873	0.027357	0.040558	0.06157	0.040228	0.36488	0.31781	0.21706	0.42853	0.24613
0.052057	0.083289	0.10308	0.15454	0.018776	0.56102	0.20156	0.27631	0.37708	0.34404
0.049191	0.15804	0.31358	0.36157	0.34782	0.24777	0.1567	0.31266	0.15075	0.4623
0.13995	0.073096	0.12332	0.020218	0.16877	0.48117	0.14172	0.11751	0.30297	0.33457
0.078649	0.069693	0.079244	0.091123	0.24055	0.15938	0.36006	0.36342	0.2452	0.47233
0.20734	0.12157	0.17101	0.027238	0.019161	0.44612	0.73495	0.36808	0.28195	0.26636
0.22001	0.11319	0.16588	0.19376	0.49031	0.12394	0.16821	0.31663	0.29236	0.24564
0.088737	0.079753	0.076512	0.01989	0.097404	0.21895	0.30857	0.26426	0.23959	0.21469
0.1174	0.10682	0.081385	0.38423	0.13032	0.3309	0.22832	0.18921	0.23012	0.25673
0.19855	0.19827	0.25433	0.053182	0.23878	0.26995	0.15484	0.26605	0.23106	0.3485
0.039167	0.15085	0.1409	0.041536	0.038742	0.23565	0.32164	0.36032	0.26248	0.2181
0.23899	0.02729	0.28767	0.38067	0.12837	0.32025	0.20159	0.33867	0.27294	0.25423
0.067073	0.1171	0.26636	0.17738	0.3684	0.28264	0.3145	0.33553	0.24192	0.40212
0.10254	0.18874	0.19876	0.08873	0.11675	0.26445	0.11564	0.29775	0.25415	0.35188
0.046712	0.054773	0.051467	0.034036	0.24864	0.42927	0.43534	0.12028	0.27183	0.19254
0.26242	0.11628	0.13079	0.064232	0.18601	0.28753	0.21124	0.11674	0.35469	0.19387
0.27985	0.11032	0.41529	0.34442	0.77107	0.23884	0.12592	0.24082	0.23352	0.29803
0.044489	0.11641	0.17603	0.40622	0.079457	0.39195	0.11034	0.10182	0.27493	0.22945
0.26357	0.11978	0.27437	0.045825	0.18482	0.5243	0.32416	0.25178	0.29255	0.18706
0.056562	0.075624	0.33611	0.14645	0.11672	0.37827	0.4155	0.21277	0.23389	0.39188
0.07841	0.39403	0.039937	0.564	0.24395	0.14509	0.2381	0.41629	0.32222	0.38677
0.12184	0.27293	0.26266	0.13637	0.069825	0.22974	0.14311	0.44038	0.37328	0.35078
0.041784	0.40407	0.13211	0.15516	0.051375	0.54093	0.23801	0.22983	0.084659	0.28646
0.090611	0.10256	0.056573	0.056304	0.075254	0.23542	0.25344	0.38773	0.26169	0.22938
0.17081	0.053022	0.34703	0.042905	0.079436	0.16884	0.26569	0.29552	0.52815	0.44196
0.43645	0.095884	0.12279	0.016296	0.055574	0.084402	0.30237	0.20884	0.14531	0.19442
0.095776	0.090853	0.050098	0.040466	0.26591	0.28087	0.44995	0.25608	0.31662	0.26664
0.069631	0.074752	0.044142	0.079234	0.03156	0.32384	0.42006	0.28274	0.097557	0.25257
0.2575	0.042153	0.054759	0.090469	0.12116	0.069866	0.31411	0.38044	0.19804	0.29332
0.33072	0.036853	0.2824	0.011795	0.13	0.43092	0.1948	0.1916	0.23276	0.22377
0.15619	0.13709	0.38198	0.038164	0.065816	0.30648	0.35654	0.24823	0.24241	0.40018
0.057185	0.26759	0.1205	0.079966	0.078551	0.21841	0.21398	0.1377	0.31334	0.37739
0.043946	0.082667	0.11044	0.13175	0.1314	0.25495	0.13301	0.39719	0.15282	0.21635
0.23421	0.19447	0.19061	0.13846	0.062343	0.17383	0.53723	0.45534	0.23232	0.3802
0.26137	0.027318	0.049549	0.1266	0.21603	0.32323	0.21695	0.37436	0.25409	0.298
0.049601	0.17505	0.12371	0.27103	0.3262	0.19811	0.20413	0.19047	0.19471	0.43388
0.66359	0.11548	0.11279	0.10293	0.20283	0.19189	0.29041	0.30384	0.46151	0.27245
0.04927	0.33066	0.041894	0.058188	0.080677	0.27603	0.21414	0.12622	0.58613	0.31564
0.19155	0.17784	0.17568	0.067089	0.076535	0.33973	0.22178	0.30411	0.077864	0.42347
0.021121	0.13346	0.11862	0.033889	0.047585	0.25031	0.27114	0.21476	0.14113	0.35625
0.22192	0.017626	0.042058	0.12417	0.20747	0.32912	0.41913	0.27599	0.29816	0.15008
0.14549	0.38647	0.053095	0.10239	0.056644	0.39993	0.34397	0.19416	0.32835	0.31848
0.21173	0.028306	0.05054	0.10777	0.041275	0.16754	0.20593	0.34691	0.18309	0.21883
0.078828	0.019458	0.11563	0.010663	0.16941	0.31416	0.39344	0.32185	0.33734	0.20063
0.05742	0.13877	0.040144	0.15888	0.14818	0.18698	0.40673	0.29681	0.29766	0.21506
0.062808	0.46153	0.069952	0.53963	0.016494	0.18107	0.23927	0.23672	0.3583	0.47683
0.066056	0.11651	0.048269	0.086861	0.10465	0.19238	0.37216	0.19139	0.22525	0.34657
0.047357	0.12274	0.098346	0.16117	0.14105	0.3531	0.14346	0.30668	0.20903	0.17522
0.063262	0.11487	0.090129	0.089912	0.097785	0.34357	0.19271	0.21124	0.21086	0.23972
0.047356	0.083786	0.28844	0.2256	0.084143	0.33718	0.26429	0.22319	0.20966	0.16029
0.0057835	0.054027	0.13877	0.062409	0.15456	0.49655	0.36667	0.41759	0.26866	0.36603
0.16313	0.023972	0.18007	0.017528	0.06869	0.19697	0.17651	0.32153	0.55566	0.29343
0.15318	0.11567	0.050188	0.32058	0.11128	0.24036	0.33264	0.24718	0.31731	0.30403
0.057607	0.15759	0.12177	0.040299	0.057556	0.19469	0.16391	0.30808	0.13411	0.38246
0.02336	0.26714	0.15246	0.027261	0.36551	0.38077	0.19194	0.12285	0.25153	0.14412
0.11995	0.034159	0.21914	0.03234	0.23168	0.5069	0.30827	0.38224	0.13534	0.27756
0.082415	0.054081	0.2985	0.068915	0.52423	0.36422	0.30245	0.23579	0.3402	0.35058
0.070293	0.069915	0.21363	0.14064	0.060634	0.20219	0.26248	0.1889	0.4726	0.24238
0.043785	0.18582	0.035512	0.072971	0.073105	0.45386	0.24773	0.20129	0.46018	0.26796
0.040168	0.17046	0.52866	0.13765	0.047065	0.18661	0.2393	0.4092	0.15875	0.22061
0.048944	0.048466	0.099471	0.13859	0.23758	0.2792	0.28383	0.17826	0.24698	0.28362
0.032615	0.049368	0.15704	0.10496	0.068977	0.23133	0.16257	0.37273	0.19382	0.36971
0.20526	0.16946	0.12232	0.035242	0.33945	0.17606	0.18216	0.38516	0.22452	0.26515
0.65976	0.038816	0.15601	0.1643	0.091617	0.39912	0.13478	0.33926	0.21615	0.40153
0.14134	0.19173	0.035967	0.12051	0.38141	0.39986	0.25496	0.39074	0.19538	0.24022
0.025642	0.18594	0.086788	0.086503	0.070189	0.36371	0.30614	0.38033	0.25198	0.66387
0.25075	0.13079	0.45266	0.25357	0.051955	0.31116	0.24038	0.3505	0.26706	0.13006
0.22185	0.058632	0.013588	0.096414	0.43861	0.29632	0.18449	0.20665	0.17404	0.17882
0.061596	0.28305	0.044881	0.2438	0.14823	0.3503	0.38463	0.08363	0.19138	0.13578
0.11376	0.13559	0.12245	0.23626	0.2482	0.27146	0.13598	0.33457	0.13991	0.34741
0.068189	0.045729	0.29416	0.077529	0.30313	0.44422	0.3117	0.41371	0.17902	0.27683
0.048241	0.14144	0.059293	0.1738	0.11586	0.17343	0.32328	0.32941	0.51266	0.19568
0.18103	0.18551	0.28264	0.078976	0.080692	0.39835	0.2323	0.25269	0.16366	0.29869
0.066202	0.21633	0.01634	0.032986	0.038239	0.17479	0.13941	0.28342	0.15183	0.23123
0.11663	0.16652	0.29523	0.073036	0.44174	0.17419	0.22437	0.52689	0.20424	0.09275
0.11909	0.35812	0.58234	0.32709	0.40366	0.18173	0.33007	0.25566	0.16233	0.44828
0.045053	0.033843	0.25602	0.046513	0.19452	0.121	0.45774	0.34103	0.25353	0.13925
0.093957	0.005548	0.105	0.17742	0.0409	0.22791	0.11038	0.27193	0.42367	0.32481
0.10244	0.087893	0.060325	0.11723	0.16094	0.4109	0.20084	0.32779	0.22547	0.19708
0.1435	0.38852	0.172	0.28569	0.20061	0.32912	0.23142	0.27681	0.42921	0.15576
0.39012	0.22715	0.27922	0.08121	0.049237	0.17659	0.17268	0.12808	0.31571	0.33166
0.13005	0.13789	0.03987	0.052927	0.064177	0.21508	0.22606	0.17499	0.26077	0.29558
0.04777	0.18655	0.38086	0.024457	0.027734	0.34419	0.18605	0.18536	0.33698	0.48632
0.21892	0.176	0.027448	0.60393	0.17894	0.1041	0.29584	0.37164	0.30843	0.34039
0.20459	0.15044	0.21752	0.4631	0.14653	0.23989	0.16285	0.28413	0.36029	0.25296
0.3054	0.04729	0.068348	0.080061	0.068447	0.23096	0.37068	0.372	0.28159	0.177
0.070285	0.037329	0.077584	0.39327	0.10346	0.29994	0.21608	0.31054	0.18402	0.43581
0.030284	0.059375	0.29606	0.32879	0.24342	0.13237	0.25029	0.26333	0.16139	0.31864
0.11622	0.13021	0.16508	0.052912	0.13881	0.32172	0.29094	0.32317	0.43325	0.28598
0.16806	0.20408	0.1925	0.37952	0.061951	0.20006	0.29208	0.29479	0.20143	0.32549
0.18879	0.42033	0.090615	0.2308	0.085393	0.30474	0.27156	0.21743	0.38929	0.20699
0.21106	0.054492	0.19537	0.038318	0.10295	0.34376	0.25105	0.44052	0.38263	0.080899
0.099965	0.30413	0.16487	0.20325	0.037118	0.17738	0.30255	0.30173	0.24361	0.20203
0.15686	0.11345	0.022713	0.50489	0.12222	0.28013	0.32331	0.27487	0.16242	0.17175
0.046732	0.19671	0.049198	0.14352	0.095212	0.24432	0.30608	0.35559	0.31086	0.21017
0.23203	0.049496	0.047007	0.2037	0.038194	0.19162	0.20528	0.26765	0.33449	0.16501
0.099298	0.48379	0.009899	0.42269	0.11575	0.28129	0.27699	0.32594	0.23508	0.29359
0.032939	0.023258	0.0077369	0.34156	0.044212	0.31329	0.39217	0.17805	0.26831	0.36707
0.088318	0.034215	0.06771	0.50235	0.031465	0.27419	0.26808	0.28693	0.34365	0.26833
0.028172	0.16921	0.049883	0.13108	0.045915	0.2359	0.53044	0.24002	0.22767	0.1986
0.044187	0.38476	0.10609	0.1031	0.036006	0.23487	0.20781	0.15328	0.23733	0.17954
0.27663	0.05415	0.078523	0.34899	0.037281	0.26944	0.23908	0.46434	0.21913	0.56855
0.013086	0.17401	0.26166	0.15952	0.29725	0.17403	0.37223	0.35431	0.23769	0.37225
0.007806	0.083929	0.19624	0.10289	0.064029	0.24799	0.35661	0.24734	0.17049	0.42585
0.1717	0.21424	0.094812	0.14715	0.035717	0.19735	0.33925	0.25995	0.48173	0.25788
0.17499	0.12942	0.12829	0.18298	0.11182	0.17858	0.2509	0.30986	0.36293	0.16386
0.25141	0.082567	0.13554	0.1797	0.24235	0.24954	0.13365	0.21179	0.1349	0.41394
0.13563	0.082268	0.1943	0.077484	0.077559	0.26164	0.32156	0.12617	0.34864	0.17662
0.64789	0.45108	0.091748	0.079954	0.054019	0.17436	0.31522	0.22869	0.2969	0.52848
0.058756	0.061781	0.084322	0.099764	0.022295	0.26351	0.091654	0.33809	0.31598	0.27355
0.26683	0.090309	0.46114	0.19741	0.094716	0.35368	0.36632	0.18021	0.2341	0.31666
0.15653	0.20709	0.52549	0.17403	0.24215	0.29104	0.26868	0.27907	0.34324	0.070041
0.14617	0.064805	0.17041	0.076149	0.074204	0.3004	0.46031	0.34673	0.23343	0.25595
0.030618	0.46601	0.16107	0.197	0.18855	0.29447	0.22552	0.38057	0.16916	0.17247
0.090213	0.20295	0.17133	0.10076	0.02659	0.24111	0.3709	0.33401	0.1011	0.23795
0.60782	0.088483	0.10274	0.12941	0.18601	0.26028	0.16004	0.18764	0.19432	0.32356
0.093529	0.23636	0.047716	0.10126	0.095531	0.13395	0.16539	0.2291	0.39893	0.37272
0.087112	0.17087	0.098105	0.023604	0.15079	0.29549	0.26828	0.27525	0.36721	0.33556
0.073166	0.063672	0.11544	0.30787	0.27698	0.079519	0.24419	0.2814	0.25631	0.19301
0.097609	0.21853	0.14327	0.20687	0.07569	0.36066	0.18111	0.32891	0.50693	0.38109
0.27843	0.047454	0.17318	0.18933	0.28456	0.38119	0.26671	0.36299	0.39913	0.3381
0.16195	0.17132	0.09201	0.24341	0.046674	0.3265	0.1744	0.34229	0.27096	0.46702
0.16062	0.21833	0.11529	0.029179	0.04348	0.24085	0.28575	0.30267	0.29637	0.22253
0.1341	0.2049	0.055291	0.022894	0.075871	0.20554	0.2753	0.30853	0.18185	0.3104
0.41995	0.01351	0.064411	0.034109	0.13402	0.39107	0.2268	0.20414	0.35092	0.39961
0.13504	0.12292	0.087575	0.050111	0.23863	0.40214	0.18034	0.3727	0.23853	0.17724
0.36083	0.059603	0.1444	0.04332	0.10332	0.31104	0.28417	0.32394	0.21451	0.15858
0.056358	0.080916	0.041997	0.14951	0.12141	0.22657	0.26266	0.42699	0.20867	0.22873
0.046686	0.2265	0.07894	0.1514	0.25903	0.18706	0.38763	0.21469	0.1106	0.21874
0.10898	0.11566	0.13739	0.26342	0.021145	0.18252	0.23227	0.35482	0.28315	0.18439
0.064554	0.14735	0.14692	0.12503	0.095063	0.4157	0.23554	0.37951	0.23434	0.33059
0.074119	0.066639	0.049378	0.079371	0.14919	0.30055	0.1762	0.24654	0.34179	0.30425
0.091999	0.051312	0.17398	0.19851	0.24819	0.18812	0.24419	0.19888	0.35441	0.16838
0.087546	0.10574	0.53436	0.050079	0.12353	0.17167	0.26155	0.31885	0.26918	0.35044
0.037999	0.32171	0.087271	0.14444	0.081035	0.15304	0.22197	0.32001	0.22808	0.25327
0.047032	0.19157	0.18992	0.20119	0.018249	0.41019	0.22211	0.23674	0.32074	0.41575
0.044402	0.044644	0.07416	0.030689	0.18823	0.24746	0.30699	0.22052	0.51109	0.29475
0.1807	0.094348	0.14799	0.12772	0.10928	0.5053	0.39144	0.32037	0.14556	0.28376
0.35089	0.14347	0.062151	0.37048	0.13838	0.18789	0.33856	0.24566	0.24135	0.19224
0.21129	0.18928	0.20315	0.040432	0.14315	0.13328	0.20263	0.31498	0.17299	0.15856
0.24783	0.17929	0.22806	0.24503	0.36749	0.20156	0.46312	0.20632	0.22597	0.21704
0.21458	0.14676	0.09699	0.01753	0.18261	0.22464	0.32063	0.26152	0.60963	0.16647
0.043977	0.16482	0.3841	0.065225	0.14163	0.16515	0.28491	0.23814	0.54993	0.13222
0.014408	0.10846	0.12453	0.067227	0.10167	0.15341	0.26897	0.25706	0.21625	0.27164
0.1096	0.11128	0.050018	0.19334	0.047516	0.22162	0.45261	0.53761	0.472	0.25096
0.11301	0.13662	0.18605	0.052656	0.076259	0.31084	0.27991	0.29427	0.44548	0.59048
0.19995	0.18784	0.043199	0.20451	0.074739	0.19826	0.26667	0.14883	0.20266	0.45864
0.018563	0.037136	0.197	0.44645	0.19958	0.12628	0.33582	0.30494	0.35333	0.23416
0.32092	0.24834	0.23892	0.085854	0.098292	0.2431	0.21781	0.19585	0.31545	0.30012
0.070744	0.18629	0.11476	0.33975	0.16802	0.36861	0.36718	0.14801	0.23498	0.41554
0.22947	0.32538	0.20064	0.18415	0.12331	0.14974	0.20276	0.22948	0.22634	0.29411
0.10733	0.10085	0.019	0.17223	0.042021	0.21521	0.21416	0.20413	0.18727	0.25744
0.064635	0.044259	0.02603	0.075325	0.046743	0.3176	0.2673	0.20954	0.11329	0.65824
0.18364	0.037612	0.10356	0.045248	0.27376	0.29216	0.35524	0.28241	0.35342	0.19264
0.065928	0.058487	0.049781	0.10577	0.28468	0.30433	0.47493	0.18089	0.20949	0.42064
0.12346	0.16491	0.31646	0.077251	0.063877	0.18851	0.30908	0.39758	0.26737	0.21389
0.040368	0.029045	0.0073027	0.46805	0.49754	0.3839	0.41596	0.32785	0.34522	0.16089
0.11099	0.2717	0.071471	0.089412	0.12455	0.51269	0.33494	0.31778	0.32184	0.33142
0.22657	0.10167	0.056435	0.36524	0.073389	0.32324	0.36746	0.39794	0.42871	0.43508
0.15895	0.24291	0.1052	0.016275	0.063959	0.18549	0.19319	0.25368	0.24475	0.47129
0.21361	0.073488	0.46733	0.14938	0.16208	0.2017	0.23995	0.17082	0.2701	0.42066
0.15946	0.11414	0.14953	0.012301	0.087505	0.27487	0.19594	0.32282	0.1569	0.29928
0.26651	0.14926	0.031854	0.11776	0.12176	0.19899	0.45331	0.2302	0.2115	0.33611
0.079766	0.16716	0.096006	0.021808	0.1652	0.24882	0.31004	0.14921	0.25172	0.30299
0.24045	0.11345	0.46654	0.074324	0.59649	0.3519	0.39526	0.38813	0.24681	0.43837
0.10657	0.32746	0.55983	0.28051	0.027514	0.26586	0.35116	0.40623	0.1389	0.16145
0.14269	0.2079	0.38526	0.11659	0.1556	0.19899	0.1508	0.38186	0.37356	0.28198
0.052792	0.17698	0.17978	0.23097	0.14066	0.44363	0.27874	0.28166	0.32108	0.32704
0.042226	0.046116	0.32394	0.10767	0.082001	0.47365	0.29083	0.42778	0.43882	0.23016
0.11233	0.25416	0.47698	0.16527	0.055435	0.2896	0.48358	0.19813	0.37488	0.26708
0.16796	0.15835	0.11348	0.31736	0.31425	0.20384	0.15112	0.1959	0.36103	0.078936
0.25736	0.054687	0.2921	0.29128	0.093249	0.36861	0.24956	0.24584	0.19244	0.32913
0.037038	0.36813	0.10271	0.14389	0.43665	0.17411	0.20946	0.27521	0.12131	0.19426
0.094085	0.28811	0.33877	0.11085	0.0464	0.45457	0.18417	0.16521	0.19998	0.47673
0.12365	0.12386	0.11558	0.16544	0.012288	0.45554	0.22145	0.2229	0.20034	0.1378
0.13244	0.20281	0.1258	0.30332	0.068347	0.24731	0.25835	0.18604	0.34487	0.33016
0.09552	0.030719	0.1919	0.1406	0.18345	0.39594	0.51133	0.23834	0.19524	0.30042
0.15141	0.49018	0.21513	0.064955	0.022275	0.2815	0.21284	0.40553	0.44608	0.17405
0.58491	0.087615	0.1647	0.19533	0.16125	0.31433	0.27385	0.20257	0.1951	0.1797
0.35725	0.44996	0.15408	0.047261	0.096807	0.097534	0.40391	0.12949	0.2954	0.24866
0.022646	0.055891	0.059505	0.28914	0.21406	0.33563	0.29117	0.22167	0.50667	0.14869
0.61927	0.12213	0.11266	0.15567	0.486	0.204	0.15772	0.26322	0.29952	0.2845
0.05634	0.13319	0.13257	0.15842	0.057397	0.24051	0.43664	0.27327	0.25583	0.37488
0.10879	0.18222	0.078418	0.07523	0.0528	0.30365	0.23698	0.30702	0.1908	0.3321
0.39275	0.16305	0.052496	0.032498	0.23031	0.16347	0.30282	0.21937	0.236	0.2924
0.25375	0.022302	0.18117	0.21526	0.082801	0.27405	0.28197	0.19628	0.42734	0.090672
0.010829	0.079513	0.26151	0.089828	0.27914	0.31856	0.16695	0.39765	0.16649	0.09124
0.0080772	0.05995	0.09992	0.33715	0.029522	0.23177	0.32949	0.31924	0.15966	0.18097
0.078966	0.016771	0.15125	0.079834	0.09368	0.34312	0.21429	0.19338	0.13057	0.32681
0.071404	0.036331	0.014036	0.14387	0.45261	0.25801	0.19367	0.43488	0.36362	0.35697
0.13114	0.18697	0.11626	0.11726	0.042404	0.156	0.18526	0.26712	0.45548	0.2221
0.051982	0.030193	0.38267	0.077488	0.21809	0.29457	0.15891	0.21328	0.43174	0.18292
0.051292	0.065514	0.075004	0.17465	0.42168	0.21229	0.32091	0.33863	0.3107	0.20159
0.31301	0.37611	0.15177	0.013309	0.14382	0.24903	0.30115	0.28313	0.2097	0.18878
0.24405	0.4852	0.11455	0.18444	0.14829	0.34626	0.52171	0.15187	0.26185	0.31014
0.16769	0.2895	0.17192	0.12098	0.088882	0.21656	0.27511	0.21331	0.19497	0.24149
0.070806	0.15324	0.094397	0.14948	0.46582	0.41245	0.34563	0.26909	0.22574	0.20876
0.15008	0.24246	0.3434	0.073809	0.42375	0.34148	0.50148	0.32532	0.4029	0.20573
